city_name,北京市,天津市,河北,山西,内蒙古,辽宁,吉林,黑龙江,上海市,江苏,浙江,安徽,福建,江西,山东,河南,湖北,湖南,广东,广西,海南,重庆市,四川,贵州,云南,西藏,陕西,甘肃,青海,宁夏,新疆,石家庄市,唐山市,秦皇岛市,邯郸市,邢台市,保定市,张家口市,承德市,沧州市,廊坊市,衡水市,太原市,大同市,阳泉市,长治市,晋城市,朔州市,晋中市,运城市,忻州市,临汾市,吕梁市,呼和浩特市,包头市,乌海市,赤峰市,通辽市,鄂尔多斯市,呼伦贝尔市,巴彦淖尔市,乌兰察布市,兴安盟,锡林郭勒盟,阿拉善盟,沈阳市,大连市,鞍山市,抚顺市,本溪市,丹东市,锦州市,营口市,阜新市,辽阳市,盘锦市,铁岭市,朝阳市,葫芦岛市,长春市,吉林市,四平市,辽源市,通化市,白山市,松原市,白城市,延边朝鲜族自治州,哈尔滨市,齐齐哈尔市,鸡西市,鹤岗市,双鸭山市,大庆市,伊春市,佳木斯市,七台河市,牡丹江市,黑河市,绥化市,大兴安岭地区,南京市,无锡市,徐州市,常州市,苏州市,南通市,连云港市,淮安市,盐城市,扬州市,镇江市,泰州市,宿迁市,杭州市,宁波市,温州市,嘉兴市,湖州市,绍兴市,金华市,衢州市,舟山市,台州市,丽水市,合肥市,芜湖市,蚌埠市,淮南市,马鞍山市,淮北市,铜陵市,安庆市,黄山市,滁州市,阜阳市,宿州市,六安市,亳州市,池州市,宣城市,福州市,厦门市,莆田市,三明市,泉州市,漳州市,南平市,龙岩市,宁德市,南昌市,景德镇市,萍乡市,九江市,新余市,鹰潭市,赣州市,吉安市,宜春市,抚州市,上饶市,济南市,青岛市,淄博市,枣庄市,东营市,烟台市,潍坊市,济宁市,泰安市,威海市,日照市,莱芜市,临沂市,德州市,聊城市,滨州市,菏泽市,郑州市,开封市,洛阳市,平顶山市,安阳市,鹤壁市,新乡市,焦作市,濮阳市,许昌市,漯河市,三门峡市,南阳市,商丘市,信阳市,周口市,驻马店市,省直辖县级行政区划,武汉市,黄石市,十堰市,宜昌市,襄阳市,鄂州市,荆门市,孝感市,荆州市,黄冈市,咸宁市,随州市,恩施土家族苗族自治州,省直辖县级行政区划,长沙市,株洲市,湘潭市,衡阳市,邵阳市,岳阳市,常德市,张家界市,益阳市,郴州市,永州市,怀化市,娄底市,湘西土家族苗族自治州,广州市,韶关市,深圳市,珠海市,汕头市,佛山市,江门市,湛江市,茂名市,肇庆市,惠州市,梅州市,汕尾市,河源市,阳江市,清远市,东莞市,中山市,潮州市,揭阳市,云浮市,南宁市,柳州市,桂林市,梧州市,北海市,防城港市,钦州市,贵港市,玉林市,百色市,贺州市,河池市,来宾市,崇左市,海口市,三亚市,三沙市,省直辖县级行政区划,成都市,自贡市,攀枝花市,泸州市,德阳市,绵阳市,广元市,遂宁市,内江市,乐山市,南充市,眉山市,宜宾市,广安市,达州市,雅安市,巴中市,资阳市,阿坝藏族羌族自治州,甘孜藏族自治州,凉山彝族自治州,贵阳市,六盘水市,遵义市,安顺市,毕节市,铜仁市,黔西南布依族苗族自治州,黔东南苗族侗族自治州,黔南布依族苗族自治州,昆明市,曲靖市,玉溪市,保山市,昭通市,丽江市,普洱市,临沧市,楚雄彝族自治州,红河哈尼族彝族自治州,文山壮族苗族自治州,西双版纳傣族自治州,大理白族自治州,德宏傣族景颇族自治州,怒江傈僳族自治州,迪庆藏族自治州,拉萨市,昌都地区,山南地区,日喀则地区,那曲地区,阿里地区,林芝地区,西安市,铜川市,宝鸡市,咸阳市,渭南市,延安市,汉中市,榆林市,安康市,商洛市,兰州市,嘉峪关市,金昌市,白银市,天水市,武威市,张掖市,平凉市,酒泉市,庆阳市,定西市,陇南市,临夏回族自治州,甘南藏族自治州,西宁市,海东地区,海北藏族自治州,黄南藏族自治州,海南藏族自治州,果洛藏族自治州,玉树藏族自治州,海西蒙古族藏族自治州,银川市,石嘴山市,吴忠市,固原市,中卫市,乌鲁木齐市,克拉玛依市,吐鲁番地区,哈密地区,昌吉回族自治州,博尔塔拉蒙古自治州,巴音郭楞蒙古自治州,阿克苏地区,克孜勒苏柯尔克孜自治州,喀什地区,和田地区,伊犁哈萨克自治州,塔城地区,阿勒泰地区,自治区直辖县级行政区划
北京市,,11.12,23.32,5.45,5.03,5.16,4.12,6.83,0.49,0.81,0.68,0.9,0.79,0.34,3.79,1.9,0.59,0.55,0.74,0.17,3.31,0.43,0.73,0.24,0.44,0.36,1.89,1.38,0.77,0.97,2.83,4.03,6.92,5.92,5.39,3.96,18.12,21.4,24.96,4.4,55.12,5.48,0.96,4.65,2.35,2.43,2.6,1.65,0.9,3.17,1.72,3.68,1.04,1.53,1.27,0.21,7.32,2.67,0.37,3.67,1.5,1.89,2.72,2.78,0.26,1.25,2.12,0.91,1.04,1.31,1.49,1.62,1.28,2.86,0.53,0.63,0.99,2.34,2.08,1.33,2.16,0.81,1.37,2.23,2.03,0.91,1.48,4.45,3.63,3.97,3.36,4.87,2.52,2.37,4.76,3.16,2.53,5.6,1.88,2.56,0.93,0.3,0.14,0.48,0.19,0.13,0.75,0.46,0.2,0.44,0.6,0.14,0.4,0.21,0.21,0.16,0.83,0.12,0.08,0.09,0.25,0.23,0.2,0.4,0.11,0.57,1.42,0.3,0.32,0.76,0.32,0.48,1.11,0.28,0.36,0.68,0.46,0.62,0.29,0.41,0.39,0.3,0.14,0.6,0.21,0.23,0.08,0.52,0.28,0.31,0.43,0.24,0.2,0.38,0.14,0.23,0.16,0.54,0.15,0.28,0.08,0.98,1.19,0.66,0.62,0.88,1.51,1.06,1.17,1.94,2.0,0.53,0.26,0.74,2.78,2.48,0.97,2.07,0.67,0.61,0.96,0.65,1.76,1.13,0.76,0.66,2.42,0.57,0.62,0.87,1.24,0.92,0.59,1.45,1.2,0.68,0.13,,0.12,0.24,0.18,0.09,0.04,0.1,0.1,0.2,0.19,0.3,0.11,0.68,0.29,0.37,0.07,0.2,0.16,0.37,0.45,0.26,0.15,0.26,0.24,0.43,0.31,0.22,0.14,0.07,0.21,0.13,0.05,0.05,0.05,0.13,0.1,0.16,0.08,0.05,0.06,0.01,0.17,0.02,0.04,0.03,0.14,0.06,0.06,0.08,0.17,0.32,0.03,0.73,0.04,0.01,0.03,0.03,,0.07,0.04,0.02,0.03,0.37,0.68,1.63,0.68,0.34,0.1,0.25,0.09,0.16,0.72,0.93,0.31,0.1,0.33,0.28,0.08,0.18,0.14,0.32,0.25,0.67,0.07,,0.04,0.39,0.17,0.13,0.16,0.08,0.18,,0.68,0.68,0.68,0.29,0.1,0.1,0.11,,0.13,0.04,0.1,0.11,0.07,0.06,0.41,0.15,0.19,0.12,,,,,,,,,0.51,0.46,0.81,0.27,0.63,0.45,1.14,0.32,0.7,0.5,0.27,0.05,0.35,0.28,0.89,0.3,0.27,0.58,0.09,1.39,0.35,0.87,,0.1,0.23,,,,,,,0.27,0.41,0.63,0.11,0.29,0.18,0.83,0.68,,,0.79,0.68,0.86,0.57,0.68,0.68,0.68,0.69,0.68,0.68,0.68
天津市,6.97,,16.74,2.87,3.24,4.53,4.29,6.04,0.28,0.57,0.48,0.51,0.88,0.19,4.97,1.19,0.23,0.16,0.26,0.06,0.48,0.19,0.29,,,0.18,0.73,1.06,0.38,0.86,1.01,3.14,31.88,8.34,7.82,3.37,5.43,5.35,5.66,20.3,15.79,5.47,0.45,2.49,1.94,1.65,0.7,1.07,0.93,1.08,0.89,1.23,1.13,0.65,0.87,0.12,3.18,3.18,0.62,2.6,1.11,1.18,1.81,1.91,0.26,0.87,1.69,1.2,1.07,0.91,1.47,1.72,0.96,1.34,0.45,0.51,0.85,1.75,3.1,1.2,1.88,1.27,1.64,3.74,1.61,1.13,1.59,1.65,3.59,5.02,2.78,1.77,1.16,1.82,2.84,1.35,1.26,2.58,3.76,2.55,1.24,0.11,0.13,0.42,0.2,0.09,0.56,0.24,0.2,0.34,0.19,0.12,0.28,0.16,0.1,0.17,0.53,0.08,,0.08,0.19,0.12,0.34,0.37,0.09,0.25,0.52,0.15,0.13,0.13,0.17,0.05,0.46,0.14,0.16,0.72,0.25,0.15,0.36,0.22,0.11,0.26,0.09,1.06,0.13,0.46,0.04,0.11,0.13,0.45,0.28,0.19,0.22,0.19,,0.39,0.04,0.22,0.1,0.15,0.04,0.94,0.74,0.68,0.55,1.81,0.76,0.81,1.03,1.55,1.19,0.39,0.76,0.6,7.49,2.66,4.0,2.05,0.3,0.32,0.65,0.41,1.15,1.29,0.49,0.24,2.1,0.24,0.27,0.35,0.76,0.52,0.62,0.75,0.86,0.49,0.12,,,,,,,,0.02,0.11,,,0.11,0.49,0.08,0.08,0.04,0.07,0.08,0.09,0.14,,0.06,0.07,0.05,0.06,0.07,0.11,0.08,0.07,,0.06,,,0.04,,,0.02,,0.01,,,0.04,,,,0.08,0.04,,0.07,0.03,,,0.14,0.08,0.02,0.01,,,0.02,,,,0.06,0.49,,0.49,0.14,0.07,,0.08,0.1,0.14,0.4,0.13,,0.08,0.14,0.11,,0.13,0.15,0.13,0.18,0.05,,,,0.06,,,,,,0.49,0.49,0.49,,,0.03,,,,0.04,,0.05,,,0.2,,,,,0.03,,,,,,,0.15,0.04,0.28,0.1,0.24,0.1,0.51,0.22,0.5,0.12,0.14,,0.05,0.36,0.55,0.26,0.09,0.97,0.22,0.94,0.21,0.51,0.07,0.1,0.1,,,,0.04,,,0.03,0.27,0.51,0.15,0.17,0.43,0.41,0.49,,,0.2,0.49,0.06,0.28,0.49,0.49,0.49,0.3,0.49,0.49,0.49
河北,,,,,,,,,,,,,,,,,,,,,,,,,,,,,,,,,,,,,,,,,,,,,,,,,,,,,,,,,,,,,,,,,,,,,,,,,,,,,,,,,,,,,,,,,,,,,,,,,,,,,,,,,,,,,,,,,,,,,,,,,,,,,,,,,,,,,,,,,,,,,,,,,,,,,,,,,,,,,,,,,,,,,,,,,,,,,,,,,,,,,,,,,,,,,,,,,,,,,,,,,,,,,,,,,,,,,,,,,,,,,,,,,,,,,,,,,,,,,,,,,,,,,,,,,,,,,,,,,,,,,,,,,,,,,,,,,,,,,,,,,,,,,,,,,,,,,,,,,,,,,,,,,,,,,,,,,,,,,,,,,,,,,,,,,,,,,,,,,,,,,,,,,,,,,,,,,,,,,,,,,,,,,,,,
山西,,,,,,,,,,,,,,,,,,,,,,,,,,,,,,,,,,,,,,,,,,,,,,,,,,,,,,,,,,,,,,,,,,,,,,,,,,,,,,,,,,,,,,,,,,,,,,,,,,,,,,,,,,,,,,,,,,,,,,,,,,,,,,,,,,,,,,,,,,,,,,,,,,,,,,,,,,,,,,,,,,,,,,,,,,,,,,,,,,,,,,,,,,,,,,,,,,,,,,,,,,,,,,,,,,,,,,,,,,,,,,,,,,,,,,,,,,,,,,,,,,,,,,,,,,,,,,,,,,,,,,,,,,,,,,,,,,,,,,,,,,,,,,,,,,,,,,,,,,,,,,,,,,,,,,,,,,,,,,,,,,,,,,,,,,,,,,,,,,,,,,,,,,,,,,,,,,,,,,,,,,,,,,,,
内蒙古,,,,,,,,,,,,,,,,,,,,,,,,,,,,,,,,,,,,,,,,,,,,,,,,,,,,,,,,,,,,,,,,,,,,,,,,,,,,,,,,,,,,,,,,,,,,,,,,,,,,,,,,,,,,,,,,,,,,,,,,,,,,,,,,,,,,,,,,,,,,,,,,,,,,,,,,,,,,,,,,,,,,,,,,,,,,,,,,,,,,,,,,,,,,,,,,,,,,,,,,,,,,,,,,,,,,,,,,,,,,,,,,,,,,,,,,,,,,,,,,,,,,,,,,,,,,,,,,,,,,,,,,,,,,,,,,,,,,,,,,,,,,,,,,,,,,,,,,,,,,,,,,,,,,,,,,,,,,,,,,,,,,,,,,,,,,,,,,,,,,,,,,,,,,,,,,,,,,,,,,,,,,,,,,
辽宁,,,,,,,,,,,,,,,,,,,,,,,,,,,,,,,,,,,,,,,,,,,,,,,,,,,,,,,,,,,,,,,,,,,,,,,,,,,,,,,,,,,,,,,,,,,,,,,,,,,,,,,,,,,,,,,,,,,,,,,,,,,,,,,,,,,,,,,,,,,,,,,,,,,,,,,,,,,,,,,,,,,,,,,,,,,,,,,,,,,,,,,,,,,,,,,,,,,,,,,,,,,,,,,,,,,,,,,,,,,,,,,,,,,,,,,,,,,,,,,,,,,,,,,,,,,,,,,,,,,,,,,,,,,,,,,,,,,,,,,,,,,,,,,,,,,,,,,,,,,,,,,,,,,,,,,,,,,,,,,,,,,,,,,,,,,,,,,,,,,,,,,,,,,,,,,,,,,,,,,,,,,,,,,,
吉林,,,,,,,,,,,,,,,,,,,,,,,,,,,,,,,,,,,,,,,,,,,,,,,,,,,,,,,,,,,,,,,,,,,,,,,,,,,,,,,,,,,,,,,,,,,,,,,,,,,,,,,,,,,,,,,,,,,,,,,,,,,,,,,,,,,,,,,,,,,,,,,,,,,,,,,,,,,,,,,,,,,,,,,,,,,,,,,,,,,,,,,,,,,,,,,,,,,,,,,,,,,,,,,,,,,,,,,,,,,,,,,,,,,,,,,,,,,,,,,,,,,,,,,,,,,,,,,,,,,,,,,,,,,,,,,,,,,,,,,,,,,,,,,,,,,,,,,,,,,,,,,,,,,,,,,,,,,,,,,,,,,,,,,,,,,,,,,,,,,,,,,,,,,,,,,,,,,,,,,,,,,,,,,,
黑龙江,,,,,,,,,,,,,,,,,,,,,,,,,,,,,,,,,,,,,,,,,,,,,,,,,,,,,,,,,,,,,,,,,,,,,,,,,,,,,,,,,,,,,,,,,,,,,,,,,,,,,,,,,,,,,,,,,,,,,,,,,,,,,,,,,,,,,,,,,,,,,,,,,,,,,,,,,,,,,,,,,,,,,,,,,,,,,,,,,,,,,,,,,,,,,,,,,,,,,,,,,,,,,,,,,,,,,,,,,,,,,,,,,,,,,,,,,,,,,,,,,,,,,,,,,,,,,,,,,,,,,,,,,,,,,,,,,,,,,,,,,,,,,,,,,,,,,,,,,,,,,,,,,,,,,,,,,,,,,,,,,,,,,,,,,,,,,,,,,,,,,,,,,,,,,,,,,,,,,,,,,,,,,,,,
上海市,0.87,0.48,0.74,1.48,0.68,1.77,1.78,2.17,,23.89,14.89,8.67,4.22,3.08,3.56,4.18,0.85,0.88,1.04,0.31,1.98,1.53,1.7,0.7,0.93,0.09,1.77,2.33,0.33,0.65,3.69,0.48,0.44,0.4,0.73,0.59,0.41,0.35,0.3,0.59,0.17,0.34,0.6,0.19,0.4,1.05,0.6,0.11,0.31,1.41,0.29,0.69,0.38,0.33,0.32,0.07,0.42,0.29,0.06,1.57,0.23,0.27,0.21,0.1,,0.52,1.27,0.21,0.35,0.32,1.0,0.27,0.54,0.56,0.26,0.25,0.27,0.33,0.46,0.63,0.9,0.42,0.43,0.65,0.99,0.37,0.48,2.45,1.54,0.74,1.48,1.68,0.77,1.59,1.19,0.97,0.81,0.8,0.91,0.48,0.62,2.72,5.42,3.7,4.33,28.4,16.96,3.43,5.43,9.27,6.92,2.71,7.08,4.95,3.81,5.43,3.89,15.03,3.79,4.47,2.71,1.72,22.85,3.9,2.49,4.03,8.07,5.85,9.47,2.78,3.4,4.35,5.73,4.7,4.15,5.79,3.43,6.88,5.18,6.04,8.13,1.39,0.54,1.84,1.53,0.8,0.38,5.47,0.52,3.55,2.6,1.75,1.03,2.63,1.35,1.9,1.1,1.54,1.98,4.14,2.67,0.59,1.37,0.56,2.69,0.26,1.14,0.74,1.11,0.76,1.45,0.74,0.79,2.94,0.39,0.56,0.3,2.9,0.67,1.31,1.87,1.39,1.02,1.47,0.71,1.33,1.62,1.8,1.29,1.33,2.35,3.02,5.35,3.63,2.99,0.93,0.21,0.12,0.31,0.21,0.36,,0.08,0.17,0.18,0.17,0.13,0.2,0.14,0.93,0.32,0.81,0.12,0.5,0.43,0.56,0.55,0.71,0.25,0.41,0.31,0.5,0.54,0.32,0.2,0.09,0.32,0.23,0.25,0.06,0.08,0.11,0.04,0.04,0.07,0.11,0.11,0.07,0.22,0.04,0.09,0.06,0.22,0.09,0.08,0.24,0.3,0.5,0.03,0.31,0.32,0.06,0.07,0.07,0.07,0.05,0.11,0.17,0.09,0.26,0.93,,0.93,0.45,0.41,0.38,0.51,0.52,1.08,1.2,1.02,0.35,0.43,1.47,0.42,0.58,0.42,0.7,0.16,2.24,0.41,0.09,,0.25,0.35,0.3,0.6,0.48,0.18,0.52,0.93,0.93,0.93,0.28,0.36,0.14,0.28,0.26,0.24,0.67,0.24,0.19,0.31,0.21,0.39,0.21,0.19,0.04,,0.03,,,,,,,0.44,0.21,0.8,0.37,0.68,0.22,0.96,0.07,0.91,0.4,0.66,0.17,0.25,0.73,1.96,0.6,0.71,0.61,0.38,0.98,0.64,1.49,0.2,0.1,0.1,,,,,0.32,,,0.31,0.05,0.15,0.12,0.31,2.11,0.93,,,0.54,0.93,0.39,0.28,0.93,0.93,0.93,0.53,0.93,0.93,0.93
江苏,,,,,,,,,,,,,,,,,,,,,,,,,,,,,,,,,,,,,,,,,,,,,,,,,,,,,,,,,,,,,,,,,,,,,,,,,,,,,,,,,,,,,,,,,,,,,,,,,,,,,,,,,,,,,,,,,,,,,,,,,,,,,,,,,,,,,,,,,,,,,,,,,,,,,,,,,,,,,,,,,,,,,,,,,,,,,,,,,,,,,,,,,,,,,,,,,,,,,,,,,,,,,,,,,,,,,,,,,,,,,,,,,,,,,,,,,,,,,,,,,,,,,,,,,,,,,,,,,,,,,,,,,,,,,,,,,,,,,,,,,,,,,,,,,,,,,,,,,,,,,,,,,,,,,,,,,,,,,,,,,,,,,,,,,,,,,,,,,,,,,,,,,,,,,,,,,,,,,,,,,,,,,,,,
浙江,,,,,,,,,,,,,,,,,,,,,,,,,,,,,,,,,,,,,,,,,,,,,,,,,,,,,,,,,,,,,,,,,,,,,,,,,,,,,,,,,,,,,,,,,,,,,,,,,,,,,,,,,,,,,,,,,,,,,,,,,,,,,,,,,,,,,,,,,,,,,,,,,,,,,,,,,,,,,,,,,,,,,,,,,,,,,,,,,,,,,,,,,,,,,,,,,,,,,,,,,,,,,,,,,,,,,,,,,,,,,,,,,,,,,,,,,,,,,,,,,,,,,,,,,,,,,,,,,,,,,,,,,,,,,,,,,,,,,,,,,,,,,,,,,,,,,,,,,,,,,,,,,,,,,,,,,,,,,,,,,,,,,,,,,,,,,,,,,,,,,,,,,,,,,,,,,,,,,,,,,,,,,,,,
安徽,,,,,,,,,,,,,,,,,,,,,,,,,,,,,,,,,,,,,,,,,,,,,,,,,,,,,,,,,,,,,,,,,,,,,,,,,,,,,,,,,,,,,,,,,,,,,,,,,,,,,,,,,,,,,,,,,,,,,,,,,,,,,,,,,,,,,,,,,,,,,,,,,,,,,,,,,,,,,,,,,,,,,,,,,,,,,,,,,,,,,,,,,,,,,,,,,,,,,,,,,,,,,,,,,,,,,,,,,,,,,,,,,,,,,,,,,,,,,,,,,,,,,,,,,,,,,,,,,,,,,,,,,,,,,,,,,,,,,,,,,,,,,,,,,,,,,,,,,,,,,,,,,,,,,,,,,,,,,,,,,,,,,,,,,,,,,,,,,,,,,,,,,,,,,,,,,,,,,,,,,,,,,,,,
福建,,,,,,,,,,,,,,,,,,,,,,,,,,,,,,,,,,,,,,,,,,,,,,,,,,,,,,,,,,,,,,,,,,,,,,,,,,,,,,,,,,,,,,,,,,,,,,,,,,,,,,,,,,,,,,,,,,,,,,,,,,,,,,,,,,,,,,,,,,,,,,,,,,,,,,,,,,,,,,,,,,,,,,,,,,,,,,,,,,,,,,,,,,,,,,,,,,,,,,,,,,,,,,,,,,,,,,,,,,,,,,,,,,,,,,,,,,,,,,,,,,,,,,,,,,,,,,,,,,,,,,,,,,,,,,,,,,,,,,,,,,,,,,,,,,,,,,,,,,,,,,,,,,,,,,,,,,,,,,,,,,,,,,,,,,,,,,,,,,,,,,,,,,,,,,,,,,,,,,,,,,,,,,,,
江西,,,,,,,,,,,,,,,,,,,,,,,,,,,,,,,,,,,,,,,,,,,,,,,,,,,,,,,,,,,,,,,,,,,,,,,,,,,,,,,,,,,,,,,,,,,,,,,,,,,,,,,,,,,,,,,,,,,,,,,,,,,,,,,,,,,,,,,,,,,,,,,,,,,,,,,,,,,,,,,,,,,,,,,,,,,,,,,,,,,,,,,,,,,,,,,,,,,,,,,,,,,,,,,,,,,,,,,,,,,,,,,,,,,,,,,,,,,,,,,,,,,,,,,,,,,,,,,,,,,,,,,,,,,,,,,,,,,,,,,,,,,,,,,,,,,,,,,,,,,,,,,,,,,,,,,,,,,,,,,,,,,,,,,,,,,,,,,,,,,,,,,,,,,,,,,,,,,,,,,,,,,,,,,,
山东,,,,,,,,,,,,,,,,,,,,,,,,,,,,,,,,,,,,,,,,,,,,,,,,,,,,,,,,,,,,,,,,,,,,,,,,,,,,,,,,,,,,,,,,,,,,,,,,,,,,,,,,,,,,,,,,,,,,,,,,,,,,,,,,,,,,,,,,,,,,,,,,,,,,,,,,,,,,,,,,,,,,,,,,,,,,,,,,,,,,,,,,,,,,,,,,,,,,,,,,,,,,,,,,,,,,,,,,,,,,,,,,,,,,,,,,,,,,,,,,,,,,,,,,,,,,,,,,,,,,,,,,,,,,,,,,,,,,,,,,,,,,,,,,,,,,,,,,,,,,,,,,,,,,,,,,,,,,,,,,,,,,,,,,,,,,,,,,,,,,,,,,,,,,,,,,,,,,,,,,,,,,,,,,
河南,,,,,,,,,,,,,,,,,,,,,,,,,,,,,,,,,,,,,,,,,,,,,,,,,,,,,,,,,,,,,,,,,,,,,,,,,,,,,,,,,,,,,,,,,,,,,,,,,,,,,,,,,,,,,,,,,,,,,,,,,,,,,,,,,,,,,,,,,,,,,,,,,,,,,,,,,,,,,,,,,,,,,,,,,,,,,,,,,,,,,,,,,,,,,,,,,,,,,,,,,,,,,,,,,,,,,,,,,,,,,,,,,,,,,,,,,,,,,,,,,,,,,,,,,,,,,,,,,,,,,,,,,,,,,,,,,,,,,,,,,,,,,,,,,,,,,,,,,,,,,,,,,,,,,,,,,,,,,,,,,,,,,,,,,,,,,,,,,,,,,,,,,,,,,,,,,,,,,,,,,,,,,,,,
湖北,,,,,,,,,,,,,,,,,,,,,,,,,,,,,,,,,,,,,,,,,,,,,,,,,,,,,,,,,,,,,,,,,,,,,,,,,,,,,,,,,,,,,,,,,,,,,,,,,,,,,,,,,,,,,,,,,,,,,,,,,,,,,,,,,,,,,,,,,,,,,,,,,,,,,,,,,,,,,,,,,,,,,,,,,,,,,,,,,,,,,,,,,,,,,,,,,,,,,,,,,,,,,,,,,,,,,,,,,,,,,,,,,,,,,,,,,,,,,,,,,,,,,,,,,,,,,,,,,,,,,,,,,,,,,,,,,,,,,,,,,,,,,,,,,,,,,,,,,,,,,,,,,,,,,,,,,,,,,,,,,,,,,,,,,,,,,,,,,,,,,,,,,,,,,,,,,,,,,,,,,,,,,,,,
湖南,,,,,,,,,,,,,,,,,,,,,,,,,,,,,,,,,,,,,,,,,,,,,,,,,,,,,,,,,,,,,,,,,,,,,,,,,,,,,,,,,,,,,,,,,,,,,,,,,,,,,,,,,,,,,,,,,,,,,,,,,,,,,,,,,,,,,,,,,,,,,,,,,,,,,,,,,,,,,,,,,,,,,,,,,,,,,,,,,,,,,,,,,,,,,,,,,,,,,,,,,,,,,,,,,,,,,,,,,,,,,,,,,,,,,,,,,,,,,,,,,,,,,,,,,,,,,,,,,,,,,,,,,,,,,,,,,,,,,,,,,,,,,,,,,,,,,,,,,,,,,,,,,,,,,,,,,,,,,,,,,,,,,,,,,,,,,,,,,,,,,,,,,,,,,,,,,,,,,,,,,,,,,,,,
广东,,,,,,,,,,,,,,,,,,,,,,,,,,,,,,,,,,,,,,,,,,,,,,,,,,,,,,,,,,,,,,,,,,,,,,,,,,,,,,,,,,,,,,,,,,,,,,,,,,,,,,,,,,,,,,,,,,,,,,,,,,,,,,,,,,,,,,,,,,,,,,,,,,,,,,,,,,,,,,,,,,,,,,,,,,,,,,,,,,,,,,,,,,,,,,,,,,,,,,,,,,,,,,,,,,,,,,,,,,,,,,,,,,,,,,,,,,,,,,,,,,,,,,,,,,,,,,,,,,,,,,,,,,,,,,,,,,,,,,,,,,,,,,,,,,,,,,,,,,,,,,,,,,,,,,,,,,,,,,,,,,,,,,,,,,,,,,,,,,,,,,,,,,,,,,,,,,,,,,,,,,,,,,,,
广西,,,,,,,,,,,,,,,,,,,,,,,,,,,,,,,,,,,,,,,,,,,,,,,,,,,,,,,,,,,,,,,,,,,,,,,,,,,,,,,,,,,,,,,,,,,,,,,,,,,,,,,,,,,,,,,,,,,,,,,,,,,,,,,,,,,,,,,,,,,,,,,,,,,,,,,,,,,,,,,,,,,,,,,,,,,,,,,,,,,,,,,,,,,,,,,,,,,,,,,,,,,,,,,,,,,,,,,,,,,,,,,,,,,,,,,,,,,,,,,,,,,,,,,,,,,,,,,,,,,,,,,,,,,,,,,,,,,,,,,,,,,,,,,,,,,,,,,,,,,,,,,,,,,,,,,,,,,,,,,,,,,,,,,,,,,,,,,,,,,,,,,,,,,,,,,,,,,,,,,,,,,,,,,,
海南,,,,,,,,,,,,,,,,,,,,,,,,,,,,,,,,,,,,,,,,,,,,,,,,,,,,,,,,,,,,,,,,,,,,,,,,,,,,,,,,,,,,,,,,,,,,,,,,,,,,,,,,,,,,,,,,,,,,,,,,,,,,,,,,,,,,,,,,,,,,,,,,,,,,,,,,,,,,,,,,,,,,,,,,,,,,,,,,,,,,,,,,,,,,,,,,,,,,,,,,,,,,,,,,,,,,,,,,,,,,,,,,,,,,,,,,,,,,,,,,,,,,,,,,,,,,,,,,,,,,,,,,,,,,,,,,,,,,,,,,,,,,,,,,,,,,,,,,,,,,,,,,,,,,,,,,,,,,,,,,,,,,,,,,,,,,,,,,,,,,,,,,,,,,,,,,,,,,,,,,,,,,,,,,
重庆市,0.38,0.24,0.37,0.55,0.2,0.43,0.32,0.22,0.38,0.45,0.98,0.2,1.43,0.49,0.34,0.49,16.31,1.36,1.76,0.36,3.24,,18.95,5.15,2.23,1.46,1.97,1.09,0.52,0.52,1.91,0.28,0.07,,0.26,0.37,0.26,0.14,0.11,0.22,0.27,0.14,0.09,0.05,0.1,0.29,0.29,0.15,0.11,0.57,0.1,0.41,0.12,0.1,0.06,0.07,0.07,0.13,0.06,0.09,0.25,,0.06,0.07,,0.1,0.34,0.08,0.1,0.1,0.28,0.05,0.06,,0.06,0.1,0.12,,0.18,0.11,0.27,0.06,0.02,0.13,0.26,0.04,0.08,0.2,0.19,,0.12,0.08,,0.2,,0.08,,0.16,0.11,0.04,,0.15,0.18,0.16,0.18,0.2,0.24,0.29,0.11,0.16,0.23,0.19,0.15,0.08,0.27,0.31,0.72,0.26,0.14,0.24,0.52,0.19,0.04,0.75,0.23,0.24,0.18,0.05,0.09,0.11,,0.1,0.26,0.15,0.09,0.1,0.08,0.14,0.05,0.07,0.19,0.77,0.32,0.47,0.12,0.95,0.16,0.32,0.13,0.33,0.95,0.25,0.24,0.24,0.14,0.76,0.2,0.29,0.36,0.49,0.2,0.11,0.13,,0.18,0.15,0.19,0.2,0.12,0.06,0.21,0.03,,0.09,0.08,0.14,0.1,0.14,0.27,0.35,0.66,0.26,0.3,0.27,0.3,0.45,0.25,0.27,0.24,0.24,0.37,0.14,0.26,0.12,0.16,1.56,0.29,,0.12,7.68,0.29,,0.08,0.13,0.4,0.11,0.06,,32.51,1.56,0.37,0.22,0.15,0.42,0.48,0.54,1.07,0.38,0.43,0.25,0.22,0.86,0.5,4.84,0.35,0.25,0.39,0.15,0.18,0.19,0.19,0.19,0.06,0.15,0.26,0.09,0.1,0.04,0.17,0.13,0.33,0.15,0.19,0.11,0.04,0.21,0.27,0.47,0.01,0.81,0.21,0.06,0.05,0.09,0.19,0.18,0.2,0.14,0.14,0.26,1.56,,1.56,4.55,5.05,1.75,12.58,2.1,3.2,3.02,10.63,10.13,2.8,8.2,1.34,4.95,29.68,17.53,1.9,5.99,10.72,0.69,0.43,1.44,1.33,0.64,7.66,0.63,0.94,7.2,1.56,1.56,1.56,0.6,0.43,0.42,0.53,1.86,0.15,0.42,0.21,0.22,0.51,0.27,1.5,0.27,1.28,0.12,0.05,0.3,,,,,,,0.39,0.44,0.46,0.33,0.61,0.26,1.76,0.2,1.77,0.35,0.27,0.02,0.2,0.3,0.6,0.35,0.18,0.31,0.27,0.45,0.14,1.57,,,0.14,,,,0.04,,,0.06,0.19,0.17,0.17,0.21,0.08,0.89,1.56,,,0.37,1.56,0.39,0.57,1.56,1.56,1.56,0.3,1.56,1.56,1.56
四川,,,,,,,,,,,,,,,,,,,,,,,,,,,,,,,,,,,,,,,,,,,,,,,,,,,,,,,,,,,,,,,,,,,,,,,,,,,,,,,,,,,,,,,,,,,,,,,,,,,,,,,,,,,,,,,,,,,,,,,,,,,,,,,,,,,,,,,,,,,,,,,,,,,,,,,,,,,,,,,,,,,,,,,,,,,,,,,,,,,,,,,,,,,,,,,,,,,,,,,,,,,,,,,,,,,,,,,,,,,,,,,,,,,,,,,,,,,,,,,,,,,,,,,,,,,,,,,,,,,,,,,,,,,,,,,,,,,,,,,,,,,,,,,,,,,,,,,,,,,,,,,,,,,,,,,,,,,,,,,,,,,,,,,,,,,,,,,,,,,,,,,,,,,,,,,,,,,,,,,,,,,,,,,,
贵州,,,,,,,,,,,,,,,,,,,,,,,,,,,,,,,,,,,,,,,,,,,,,,,,,,,,,,,,,,,,,,,,,,,,,,,,,,,,,,,,,,,,,,,,,,,,,,,,,,,,,,,,,,,,,,,,,,,,,,,,,,,,,,,,,,,,,,,,,,,,,,,,,,,,,,,,,,,,,,,,,,,,,,,,,,,,,,,,,,,,,,,,,,,,,,,,,,,,,,,,,,,,,,,,,,,,,,,,,,,,,,,,,,,,,,,,,,,,,,,,,,,,,,,,,,,,,,,,,,,,,,,,,,,,,,,,,,,,,,,,,,,,,,,,,,,,,,,,,,,,,,,,,,,,,,,,,,,,,,,,,,,,,,,,,,,,,,,,,,,,,,,,,,,,,,,,,,,,,,,,,,,,,,,,
云南,,,,,,,,,,,,,,,,,,,,,,,,,,,,,,,,,,,,,,,,,,,,,,,,,,,,,,,,,,,,,,,,,,,,,,,,,,,,,,,,,,,,,,,,,,,,,,,,,,,,,,,,,,,,,,,,,,,,,,,,,,,,,,,,,,,,,,,,,,,,,,,,,,,,,,,,,,,,,,,,,,,,,,,,,,,,,,,,,,,,,,,,,,,,,,,,,,,,,,,,,,,,,,,,,,,,,,,,,,,,,,,,,,,,,,,,,,,,,,,,,,,,,,,,,,,,,,,,,,,,,,,,,,,,,,,,,,,,,,,,,,,,,,,,,,,,,,,,,,,,,,,,,,,,,,,,,,,,,,,,,,,,,,,,,,,,,,,,,,,,,,,,,,,,,,,,,,,,,,,,,,,,,,,,
西藏,,,,,,,,,,,,,,,,,,,,,,,,,,,,,,,,,,,,,,,,,,,,,,,,,,,,,,,,,,,,,,,,,,,,,,,,,,,,,,,,,,,,,,,,,,,,,,,,,,,,,,,,,,,,,,,,,,,,,,,,,,,,,,,,,,,,,,,,,,,,,,,,,,,,,,,,,,,,,,,,,,,,,,,,,,,,,,,,,,,,,,,,,,,,,,,,,,,,,,,,,,,,,,,,,,,,,,,,,,,,,,,,,,,,,,,,,,,,,,,,,,,,,,,,,,,,,,,,,,,,,,,,,,,,,,,,,,,,,,,,,,,,,,,,,,,,,,,,,,,,,,,,,,,,,,,,,,,,,,,,,,,,,,,,,,,,,,,,,,,,,,,,,,,,,,,,,,,,,,,,,,,,,,,,
陕西,,,,,,,,,,,,,,,,,,,,,,,,,,,,,,,,,,,,,,,,,,,,,,,,,,,,,,,,,,,,,,,,,,,,,,,,,,,,,,,,,,,,,,,,,,,,,,,,,,,,,,,,,,,,,,,,,,,,,,,,,,,,,,,,,,,,,,,,,,,,,,,,,,,,,,,,,,,,,,,,,,,,,,,,,,,,,,,,,,,,,,,,,,,,,,,,,,,,,,,,,,,,,,,,,,,,,,,,,,,,,,,,,,,,,,,,,,,,,,,,,,,,,,,,,,,,,,,,,,,,,,,,,,,,,,,,,,,,,,,,,,,,,,,,,,,,,,,,,,,,,,,,,,,,,,,,,,,,,,,,,,,,,,,,,,,,,,,,,,,,,,,,,,,,,,,,,,,,,,,,,,,,,,,,
甘肃,,,,,,,,,,,,,,,,,,,,,,,,,,,,,,,,,,,,,,,,,,,,,,,,,,,,,,,,,,,,,,,,,,,,,,,,,,,,,,,,,,,,,,,,,,,,,,,,,,,,,,,,,,,,,,,,,,,,,,,,,,,,,,,,,,,,,,,,,,,,,,,,,,,,,,,,,,,,,,,,,,,,,,,,,,,,,,,,,,,,,,,,,,,,,,,,,,,,,,,,,,,,,,,,,,,,,,,,,,,,,,,,,,,,,,,,,,,,,,,,,,,,,,,,,,,,,,,,,,,,,,,,,,,,,,,,,,,,,,,,,,,,,,,,,,,,,,,,,,,,,,,,,,,,,,,,,,,,,,,,,,,,,,,,,,,,,,,,,,,,,,,,,,,,,,,,,,,,,,,,,,,,,,,,
青海,,,,,,,,,,,,,,,,,,,,,,,,,,,,,,,,,,,,,,,,,,,,,,,,,,,,,,,,,,,,,,,,,,,,,,,,,,,,,,,,,,,,,,,,,,,,,,,,,,,,,,,,,,,,,,,,,,,,,,,,,,,,,,,,,,,,,,,,,,,,,,,,,,,,,,,,,,,,,,,,,,,,,,,,,,,,,,,,,,,,,,,,,,,,,,,,,,,,,,,,,,,,,,,,,,,,,,,,,,,,,,,,,,,,,,,,,,,,,,,,,,,,,,,,,,,,,,,,,,,,,,,,,,,,,,,,,,,,,,,,,,,,,,,,,,,,,,,,,,,,,,,,,,,,,,,,,,,,,,,,,,,,,,,,,,,,,,,,,,,,,,,,,,,,,,,,,,,,,,,,,,,,,,,,
宁夏,,,,,,,,,,,,,,,,,,,,,,,,,,,,,,,,,,,,,,,,,,,,,,,,,,,,,,,,,,,,,,,,,,,,,,,,,,,,,,,,,,,,,,,,,,,,,,,,,,,,,,,,,,,,,,,,,,,,,,,,,,,,,,,,,,,,,,,,,,,,,,,,,,,,,,,,,,,,,,,,,,,,,,,,,,,,,,,,,,,,,,,,,,,,,,,,,,,,,,,,,,,,,,,,,,,,,,,,,,,,,,,,,,,,,,,,,,,,,,,,,,,,,,,,,,,,,,,,,,,,,,,,,,,,,,,,,,,,,,,,,,,,,,,,,,,,,,,,,,,,,,,,,,,,,,,,,,,,,,,,,,,,,,,,,,,,,,,,,,,,,,,,,,,,,,,,,,,,,,,,,,,,,,,,
新疆,,,,,,,,,,,,,,,,,,,,,,,,,,,,,,,,,,,,,,,,,,,,,,,,,,,,,,,,,,,,,,,,,,,,,,,,,,,,,,,,,,,,,,,,,,,,,,,,,,,,,,,,,,,,,,,,,,,,,,,,,,,,,,,,,,,,,,,,,,,,,,,,,,,,,,,,,,,,,,,,,,,,,,,,,,,,,,,,,,,,,,,,,,,,,,,,,,,,,,,,,,,,,,,,,,,,,,,,,,,,,,,,,,,,,,,,,,,,,,,,,,,,,,,,,,,,,,,,,,,,,,,,,,,,,,,,,,,,,,,,,,,,,,,,,,,,,,,,,,,,,,,,,,,,,,,,,,,,,,,,,,,,,,,,,,,,,,,,,,,,,,,,,,,,,,,,,,,,,,,,,,,,,,,,
石家庄市,1.83,2.4,,3.7,0.81,0.75,0.37,0.57,0.11,0.33,0.33,0.1,0.26,0.09,1.62,0.47,0.13,,0.21,0.04,1.13,,0.13,,,0.09,0.77,0.24,0.46,0.15,0.27,,3.29,4.2,8.74,24.35,17.19,6.19,4.79,5.3,2.16,18.36,0.91,0.78,12.59,0.72,0.44,0.62,2.25,0.41,2.84,0.36,0.97,0.3,0.18,0.14,0.57,0.16,0.52,,0.34,0.29,0.18,0.5,0.16,0.21,0.26,0.13,0.13,0.05,0.18,0.25,0.13,0.21,0.03,0.1,0.23,0.28,0.48,0.09,0.09,0.07,0.21,0.39,0.15,0.14,0.12,0.3,0.42,0.08,0.06,,0.04,0.26,0.59,0.2,0.45,0.25,1.02,0.18,,0.09,,0.22,0.08,0.08,0.41,0.11,0.15,0.18,0.13,0.05,0.1,0.06,0.05,,0.54,0.05,,0.07,0.18,0.05,,0.24,,0.05,0.08,0.04,0.04,0.05,0.04,,0.07,,,0.11,0.09,,0.08,,0.03,,0.04,0.25,0.05,0.17,,0.05,0.04,0.1,0.17,0.06,0.05,0.1,0.12,0.1,,0.1,,0.07,,0.48,0.5,0.49,0.23,1.05,0.32,0.71,0.38,0.29,0.27,0.23,0.26,0.32,1.34,1.09,1.22,0.36,0.33,0.25,0.17,0.17,0.79,0.46,0.4,0.31,0.67,0.15,0.27,,0.15,0.16,,0.19,0.18,0.47,,,,0.07,0.07,,,0.03,,0.02,,0.1,0.02,0.47,,,,0.08,,,0.06,,,0.04,,,,,0.05,0.03,,,,,0.02,0.04,0.02,,,0.02,,,0.02,,,0.03,0.06,0.02,,0.05,,,,0.14,,,0.01,,0.03,,,,,0.04,0.47,,0.47,0.07,,,,0.04,0.12,0.12,,,,,,,,,,0.13,,,,0.07,0.04,,,,,,0.47,0.47,0.47,,,0.02,,,,,0.06,,0.04,,,,,0.04,,0.03,,,,,,,0.06,,0.13,0.04,0.07,0.09,0.19,1.46,0.31,,0.13,0.05,,0.08,0.08,0.07,0.09,0.11,0.13,0.14,0.04,,,,0.05,,,,,,,0.54,0.08,,,,0.08,0.16,0.47,,,,0.47,,,0.47,0.47,0.47,,0.47,0.47,0.47
唐山市,1.58,15.74,,2.31,1.58,4.01,1.47,1.78,,0.17,0.18,0.06,,,1.07,0.22,,,,,0.28,,,,,,,,,0.12,0.18,2.7,,28.9,1.71,1.25,1.75,4.6,16.63,2.89,1.79,1.9,0.42,2.73,1.53,0.98,0.2,0.64,1.45,0.18,0.41,0.48,1.45,0.24,0.21,0.41,2.73,0.75,0.5,0.22,0.18,0.43,0.51,0.54,0.2,0.64,0.79,1.61,0.35,0.35,0.56,1.21,1.13,0.54,1.37,0.98,0.41,1.78,3.57,0.43,0.66,0.63,0.61,0.75,0.62,0.37,0.5,0.2,1.18,1.0,0.19,0.08,0.24,0.49,1.12,0.63,1.08,0.9,1.36,0.83,,,,0.1,0.05,,0.2,0.11,0.07,0.09,0.13,0.05,0.07,,,0.09,,,,,0.16,,0.2,,,0.05,,0.04,,,,0.07,0.07,0.03,,0.06,,,,0.05,,,,0.18,,,,0.06,,,,,,,,,,,,,,0.27,0.42,0.22,0.13,0.77,0.33,0.48,0.28,0.24,1.43,0.08,0.29,0.25,0.45,0.39,1.33,0.24,0.11,0.11,0.11,0.15,0.23,0.46,0.2,,0.28,,,0.12,0.14,,,0.09,,,0.02,,0.06,,,,,0.03,,,,,,,,,,,,,,,,,,,,,,,,,,,,,,,,,,,,,,,,,,,,,,0.09,,0.02,,,,,,,,0.03,,,,,,,,,,,,,0.06,,,,,,0.4,,,,,,,,,,,,,,,,,,,0.06,,,,,,,,,,,,,,,,,,,,,,,,,,0.11,,,,,,,,,,,,,,,,,,,,,,,,0.1,,0.1,0.02,0.02,0.04,,,,,,,0.06,0.07,,,,,,,
秦皇岛市,0.53,1.2,,0.28,0.32,5.2,1.04,1.63,,,,,,,0.31,,,,,,,,,,,,,,,,,0.78,9.44,,0.24,0.24,0.51,1.04,2.87,0.4,0.29,0.27,0.07,0.63,0.04,0.08,,0.11,0.13,,0.08,,0.04,,0.07,,0.33,0.44,0.07,0.32,0.03,0.04,0.21,0.1,0.1,0.6,0.78,0.54,0.15,0.4,0.42,1.17,0.75,0.68,0.33,0.27,0.37,1.16,15.51,0.27,0.65,0.16,0.26,0.8,0.67,0.4,0.16,0.75,0.91,1.0,0.51,0.26,0.19,0.53,1.05,0.66,0.81,0.84,0.91,0.84,0.93,,,,,,,,,,,,,,,,,,,,,,0.09,,,,,,,,,,,0.03,,,,,,0.06,,,,,,,,,,,,,,,,,,,,,,0.09,0.11,0.11,0.06,0.27,0.16,0.17,,,0.08,0.04,0.09,0.09,0.1,0.08,0.27,,,,,,,,,,,,,,,,,,,,,,,,,,,,,,,,,,,,,,,,,,,,,,,,,,,,,,,,,,,,,,,,,,,,,,,,,,,,,,,,,,,,,,,,,,,,,,,,,,,,,,,,,,,,,,,,,,,,,,,,,,,,,,,,,,0.05,,,,,,,,,,,,0.06,,,0.02,,,,,,,,,,,,,,,,,,,,,,,,,,,,,,,,,,,,,,,,,,,,,,
邯郸市,1.58,4.05,,2.43,0.25,0.41,0.12,,0.1,0.21,,,,,2.49,1.48,0.4,,,,0.45,,,,,,0.36,,0.09,0.12,,5.77,1.12,0.72,,14.49,1.77,0.83,0.36,0.98,0.89,1.94,0.27,0.23,0.49,5.31,1.9,0.19,1.33,0.26,0.8,0.95,0.51,0.05,0.19,,0.14,0.15,0.12,,0.09,0.13,,0.07,,0.06,0.17,0.22,,,0.07,0.08,0.13,0.18,0.03,,,0.31,0.24,,,0.05,,0.13,0.15,,,,,0.1,,,,,,,,,0.05,,,,0.05,0.22,,,0.1,0.08,,0.08,0.18,0.05,0.08,0.05,,,,,0.05,,,,,,,,,,,,,,,0.03,,,,0.08,,,,,,,,,,,,,,,,,,,,,,,,0.39,0.56,0.33,0.37,0.27,0.28,0.5,0.5,0.45,0.27,2.31,0.46,0.35,0.54,6.05,0.35,0.61,0.51,0.09,0.25,0.09,8.08,1.49,0.95,0.31,5.6,0.11,,0.2,,0.09,,,,0.52,,,,0.24,0.18,,0.34,0.03,,,0.06,0.1,0.08,0.52,,,,,,,,,,,,,,,,,,,,,,0.05,,0.01,,,,,,,,,,,,,,,,0.12,0.19,,,,,,,,0.03,0.04,0.52,,0.52,,,,,,,,,,,,,,,,,,,,,0.05,,,,,,,0.52,0.52,0.52,,,,,,,,,,,,,,0.13,0.04,,,,,,,,,,,,0.04,,0.14,0.14,0.47,0.22,0.04,0.04,,,,,,,,,,,,,,,,,,,,,0.06,0.06,0.05,0.02,0.04,,,0.52,,,0.08,0.52,,,0.52,0.52,0.52,,0.52,0.52,0.52
邢台市,0.64,0.87,,1.24,0.24,0.15,,,,,,,,,2.08,,,,,,,,,,,,0.2,,0.17,0.12,,12.49,0.66,0.4,11.18,,1.17,0.58,0.48,0.71,0.38,6.38,0.24,0.22,1.37,0.69,0.11,0.02,1.5,0.12,0.7,0.23,0.38,0.05,0.15,0.03,0.1,0.15,0.14,,0.07,0.06,0.09,0.14,,,,0.08,,,,,0.06,0.04,,0.07,,,0.09,,,,,,,0.08,0.04,,,,0.06,,,,,,,0.19,,,,,,0.11,,,,,,,,,,,,,,,0.04,,,,,,,,,,,,,,,,,,,,,,,,,,,,,,,,,,,,,,,,,,,0.33,0.31,0.29,0.3,0.46,0.16,0.34,0.17,0.33,0.1,0.09,0.19,0.2,1.19,5.84,0.9,0.13,0.1,,,,0.28,0.32,0.14,,0.45,,0.08,,,,,,,,,,,,,,,,,,,,,,,,,,,,,,,,,,,,,,,,,,,,,,,,,,,,,,,,,,,,,0.06,,,,,,,,,,,,,,,,,,,,,,,,,,,,,,,,,,,,,,,,,,,,,,,,,,,,,,,,,,,0.05,,,,,,1.49,,,,0.08,,,0.03,,0.41,,,,,,0.04,,,,0.07,,,,0.06,,,,,,,,,,0.16,0.06,0.05,,,0.06,,,,,,,,,,,,,,,
保定市,6.0,2.79,,1.76,1.57,1.01,0.46,0.66,,0.14,,0.1,,,1.09,0.32,,,,,0.49,,0.14,,,0.09,0.34,0.18,0.3,0.13,0.22,12.82,2.32,1.73,2.06,1.99,,6.81,3.31,6.84,5.66,6.83,0.32,2.27,1.0,0.24,0.24,1.49,0.36,0.39,1.84,0.22,0.35,0.5,0.55,0.03,0.95,0.38,1.24,,0.69,0.58,0.15,0.43,0.03,0.18,0.35,0.34,0.15,0.07,0.23,0.25,0.19,0.28,0.25,0.24,0.22,0.43,0.7,0.13,0.14,0.07,0.24,0.45,0.2,0.27,0.08,,0.37,0.28,0.19,0.17,0.19,0.22,0.26,0.34,0.27,0.58,0.34,0.32,0.31,,,,,,,0.13,,0.07,,,,0.11,,,,,0.06,,,,,,,,0.08,0.06,0.05,0.04,,,,,0.05,0.09,0.05,0.04,0.09,0.07,0.05,,,0.16,,,0.06,0.08,,0.09,,,,,,0.1,,,,0.07,,0.23,0.24,0.15,0.15,1.16,0.36,0.4,0.24,0.25,0.27,0.08,0.23,0.21,0.63,0.48,1.65,0.29,0.12,0.13,,0.13,0.35,0.41,0.23,0.15,0.47,0.18,0.06,,0.28,0.1,0.08,0.16,0.14,0.39,0.02,,,,,,0.04,0.03,,,0.06,,,0.39,,,,,0.08,,,,,0.04,,,,0.05,,,,,,,,,0.01,0.01,,,,,,,,,,,0.0,,,,,0.07,,,,0.02,,,,,0.02,,0.39,,0.39,,,,,0.04,0.1,,0.08,,0.1,0.08,,0.06,,,0.2,0.19,0.05,,,,,,,,,,0.39,0.39,0.39,,,,0.03,,,0.03,0.08,,,,,,0.07,,0.05,,,,,,,,,0.06,0.1,,0.06,0.05,0.16,0.26,0.37,0.03,0.06,,,,0.13,0.05,,0.07,0.06,0.09,0.08,0.06,,,0.04,,,,,,,0.06,0.07,,0.04,,,0.11,0.39,,,,0.39,,0.07,0.39,0.39,0.39,,0.39,0.39,0.39
张家口市,2.41,1.42,,1.6,3.34,0.18,,0.13,,,,,,,0.18,,,,,,,,,,,,,,,,0.15,1.28,1.48,0.57,0.18,0.29,1.68,,2.46,0.43,0.61,0.25,0.14,6.08,0.1,,,1.07,0.04,,0.21,,0.19,1.07,0.97,0.12,0.2,,1.4,,0.8,4.53,0.06,8.96,0.1,0.05,,0.04,,0.05,,,,,0.03,0.05,0.04,0.1,0.12,,,0.03,,,,,,,,0.07,0.19,,,0.06,,,,,,0.07,,,,,,,,,,,,,,,,,,,,,,,,,,,,,,,,,,0.05,,,,,,,,,,,,,,,,,,,,,,,,,,,,,0.09,0.05,,0.3,,0.07,,0.06,,,0.13,,0.06,,0.31,,,,,,,,,,,,,,,,,,,,0.04,,,,,,,,0.08,,,,0.02,,,,,,,,,,,,,,,,,,,,,,,,,,,,,,,,,,,,,,,,,,,,,,,,,,,,,,,,,,,,,,,,,,,,,,,,,,,,,,,,,,,,,,,,0.06,,,,,,,,,,,,,,,,,,,,,,,,,,,0.12,,,,,,,,,,,,,,,0.02,,,,,,,,,,,0.07,,,,0.13,,,,,,,,,,,,,,
承德市,1.82,0.78,,0.13,3.81,1.88,0.66,1.41,,,,,,,,,,,,,,,,,,,,,,,,0.7,4.88,2.68,0.18,0.14,0.64,2.1,,0.25,0.62,0.14,,0.23,,,,0.05,0.07,,,,0.08,0.34,0.07,,10.62,1.01,0.18,0.51,0.14,0.73,0.57,3.47,0.03,0.09,0.17,0.23,0.18,0.05,0.32,0.44,0.28,0.35,0.11,0.21,0.16,5.61,0.33,0.14,0.24,0.18,,0.23,,0.43,0.76,0.1,0.6,1.6,,,0.19,0.64,0.39,0.14,0.63,0.32,0.56,0.87,,,,,,,,0.06,,,,,0.05,,,,,,,,,,,,,,0.05,,,,,,,,,,,,,,,,,,,,,,,,,,,,,,,,,,,,,,,0.22,,,,,,,,,0.06,,0.14,,,,,,,,,,,,,,,,,,,,,,,,,0.09,,,,,,,,,,,,,,,,,,0.05,,,,,,,,,,,,,,,,,,,,,,,,,0.01,,,,,,,,,,,,,,,,,,,,,,,,,,,,,,,,,,,,,,,,,,,,,,,,,,,,,,,,,,,,,,,,,,,,,,,,,,,,,,,,0.16,,,,,,,,,,,,,,,,,,,,,,,,,,,,,,,,,,,,,,,,0.07,,,
沧州市,1.11,9.56,,1.11,0.56,0.88,0.48,0.55,,0.15,,0.07,,,3.25,,,,,,0.45,,,,,,,,,0.15,0.18,3.31,4.81,1.47,0.92,0.85,6.27,1.41,0.8,,4.21,11.81,0.03,0.52,0.55,0.26,0.12,0.31,1.36,,0.92,0.22,0.34,0.08,0.11,0.1,0.55,0.21,0.38,0.16,0.07,0.21,0.03,0.21,0.1,0.16,0.48,0.23,0.1,0.1,0.11,0.34,0.17,0.35,0.11,0.28,0.14,0.27,0.46,0.19,0.22,0.1,0.13,0.45,0.15,0.1,0.1,,0.35,0.22,,0.08,0.72,0.08,0.46,0.17,,0.19,0.17,0.33,,,0.04,,,,0.13,0.08,,0.07,,0.03,0.13,0.08,,,,,0.04,,,,,,,0.06,0.09,0.06,0.04,0.03,,0.03,0.08,0.03,0.03,,,,0.06,,,,,,,,,,,,,,,,0.07,,,,,,,0.48,0.35,0.64,0.12,1.96,0.45,0.55,0.2,0.25,0.59,0.16,0.29,0.26,6.2,0.74,6.02,0.2,0.09,,,,0.17,0.19,0.21,,0.28,,,,,,,,,,,,0.25,,,,0.04,,,,,0.1,,,,,,,,,,,,,,,,,,,,,,,,,,,,,,,,,,,,,,,,,,,,,,,0.02,,,,,,,,,,,,,,,,,,,,,,,,0.61,,,,,,,,,,,,,,,,,,,,0.05,,,,,,0.11,,,,,,,,,,,,,,,,,0.04,,0.19,,,,,0.05,0.04,,,,,,,,,,,,,,,0.04,,,0.06,0.09,,0.04,,0.04,,,,,,,0.06,,,,,0.23,,,
廊坊市,31.03,14.45,,0.62,1.05,1.26,1.44,2.23,,0.2,,0.23,,0.09,1.15,0.39,0.13,,,,0.52,0.17,0.14,,,,0.25,0.4,,0.19,0.18,2.31,3.22,2.23,2.83,1.86,8.33,3.46,4.1,7.05,,2.28,0.18,0.66,0.18,0.35,,0.26,0.19,0.29,0.17,0.16,0.18,0.19,0.27,0.03,1.76,0.56,0.15,0.54,0.14,0.36,0.54,0.57,0.03,0.23,0.31,0.42,0.3,0.38,0.51,0.45,0.28,0.33,0.14,0.21,0.33,0.54,0.55,0.48,0.61,0.33,0.45,0.91,0.52,0.37,0.91,0.55,1.31,1.73,0.77,0.53,0.58,0.18,1.65,0.91,0.54,1.78,0.91,0.87,0.62,,0.05,0.15,,,0.3,0.16,0.1,,0.06,,0.05,0.03,,,,,,,,,,,,0.07,0.2,0.04,0.05,0.06,,0.06,0.2,,,0.27,0.08,0.06,0.35,0.16,0.03,,0.04,0.2,,,,,,0.06,0.11,,0.09,0.14,,,0.04,0.06,0.1,0.06,,0.32,0.23,0.19,0.13,0.27,0.26,0.36,0.34,0.31,0.21,0.15,0.06,0.25,0.97,0.78,0.74,0.57,0.17,0.16,0.17,0.08,0.19,0.19,0.16,0.13,0.52,0.1,0.08,0.12,0.28,0.22,0.13,0.32,0.23,0.49,,,0.12,,0.1,,,0.06,,0.02,,,0.02,0.49,0.05,,,,,0.07,0.08,0.12,,,,,,,,,,0.02,,,,0.03,,,,0.03,,,0.02,,,0.03,,,0.0,,,0.1,,,,,,,,,,,,,0.49,,0.49,0.09,,,,0.05,0.16,0.08,,,,,,,,,,,0.04,,,,,,0.08,,,,0.49,0.49,0.49,0.03,,,0.03,,,,0.04,,,,0.13,0.03,0.05,,,,,,,,,,0.06,,0.08,,0.06,0.1,0.25,0.08,,,0.1,,,0.04,0.09,,,0.13,0.04,0.84,0.08,0.12,,,,,,,,,,,0.04,0.07,0.04,0.19,,,0.49,,,,0.49,0.06,,0.49,0.49,0.49,,0.49,0.49,0.49
衡水市,0.82,1.48,,0.3,0.17,0.25,0.17,0.1,,,,,,,2.52,,,,,,0.26,,,,,,,,,,,8.39,0.94,0.28,0.96,4.74,5.56,0.38,0.44,7.86,0.51,,0.06,0.09,0.34,0.26,0.11,0.14,0.09,,0.13,0.09,0.11,,0.06,0.01,0.09,,0.09,0.25,,0.06,0.12,0.1,0.03,0.07,,0.05,0.03,,,0.17,0.06,,0.05,0.04,0.06,0.05,,0.07,,0.04,0.08,0.1,,,,0.25,0.12,,,0.08,0.09,,0.06,,,,0.05,,,,,,,,,,0.04,,,,0.05,0.04,,,,,,,,,,,,,,,,,0.05,,,,,,,,,,0.03,,,,,,,,,,,,,,,,,,,,,0.24,0.12,0.14,0.06,0.62,0.19,0.22,,0.14,0.08,0.06,0.26,0.12,8.55,0.62,1.18,0.18,0.08,,,,,0.12,0.11,0.12,0.14,,,,,,,,,,,,,,,,0.04,,,,,,,,,,,,,,,0.13,,,,,,,,,,,,,,,,,,,,,,,,,,,,,,,,,,,,,,,,,,,,,,,,,,,,,,,,,,,,,,,,,,,,,,,,,,,,,,,,,,,,,,,,,,0.04,,,,,,,,,,,,,,,0.27,0.06,,,,,,,0.1,,0.03,,0.04,,,,,,,,,,,,,,,,,,,,,,,,,,,,,,,,,
太原市,0.64,0.49,1.1,,0.63,0.46,0.28,0.21,0.13,0.23,0.23,0.09,0.3,,0.37,0.41,,,,,1.14,,0.21,,,0.27,0.68,0.24,0.14,0.25,,1.61,0.29,0.15,1.1,1.1,0.58,0.39,0.34,0.32,0.1,0.43,,8.12,16.78,21.35,10.82,12.44,40.65,6.72,30.72,15.88,36.96,0.38,0.35,0.1,0.25,0.1,0.24,0.16,0.25,0.5,,,0.1,0.13,0.14,0.1,0.21,0.07,0.16,0.1,0.09,0.3,0.04,,0.03,0.28,0.09,0.08,0.16,0.03,0.08,0.45,0.15,,,0.1,0.16,0.18,,0.08,,,0.13,0.14,,,,0.06,,0.07,0.06,0.17,,,0.27,,,0.12,0.22,,0.09,0.04,0.06,,0.25,,,,0.15,0.19,0.15,,,0.06,,,0.05,0.07,,0.1,0.08,,,0.1,0.05,0.03,0.07,,,0.1,0.03,0.27,,0.22,,,0.07,0.09,0.12,,,,,,,,,,,0.13,0.17,0.05,0.13,0.17,0.14,0.15,,0.16,0.1,0.07,0.19,,0.16,0.14,0.13,0.25,0.23,0.18,0.22,,0.97,0.11,0.26,0.15,0.28,0.09,0.07,0.1,,0.2,0.09,0.27,0.21,0.38,0.05,,,0.07,,,,,0.02,,,,,0.38,,,,,,,,,,,,,,,0.04,,,,,,,,,,,,0.03,,,0.01,,,,,,,,,0.02,0.06,,,,,,0.02,,,,0.14,0.38,,0.38,0.08,,,,,0.17,0.34,0.06,0.07,,0.17,,,0.08,0.08,0.06,0.17,0.08,,,,,,,,,,0.38,0.38,0.38,,,0.03,0.04,,,,,,,,0.13,,0.09,,,0.07,,,,,,,0.17,,0.16,0.04,0.12,0.14,0.18,0.64,0.52,0.06,0.11,0.02,0.05,,0.13,0.16,,,,0.16,0.08,0.08,,,0.03,,,,,,,,0.1,0.12,0.02,0.04,0.12,,0.38,,,,0.38,,,0.38,0.38,0.38,0.07,0.38,0.38,0.38
大同市,0.55,0.55,1.28,,5.11,,,,,,,,,,0.17,,,,,,,,,,,,0.25,,,0.09,,0.47,0.63,0.54,0.24,0.32,1.12,10.86,0.17,0.22,0.13,0.18,2.94,,0.77,0.42,0.11,42.6,0.41,0.4,3.87,0.38,0.54,1.61,1.03,0.07,0.11,0.04,3.04,0.12,0.36,10.53,,1.08,0.1,,,,,,0.07,,0.04,0.04,,,,,,,,,,,,,,,,0.05,,,,,,,,,,,,,,,,,,,,,,,,,,,,,,,,,,,,,,,,,,0.04,,,,,,,,,,,,,,,,,,,,,,,,,,,,,0.04,,,0.05,0.06,0.11,,,,,,,0.06,,,0.08,0.27,,,,,,,,,,,,,,,,,,,,,,,,,,,,,,,,,,,,,,,,,,,,,,,,,,,0.02,,,,,,,,,,,,,,,,,,,,,,,,,,,,,,,,0.04,,,,,,,,,,,,,,,,,,,,,,,,,,,,,,,,,,,,,,,0.03,,,,,,,,,,,,,,,,,,0.06,,,,,0.03,0.13,0.3,0.11,,,,,0.04,,,,,,0.07,,0.06,,,0.03,,,,,,,,0.06,,,,,,,,,,,,,,,,,,,
阳泉市,0.16,0.12,0.78,,,,,,,,,,,,0.18,,,,,,,,,,,,,,,,,2.29,0.09,,0.36,0.38,0.39,0.1,,0.14,,0.15,2.91,0.29,,0.62,0.22,0.48,6.08,0.3,1.22,0.31,0.88,,0.07,0.01,,,0.02,0.09,,0.04,,,0.03,,,,,,,,0.06,,,,,,,,,,,,0.15,0.09,0.06,,,,,,,,,0.11,,,,,,,,,,,,,,,,,,,,,,,,,,,,,,,,,,,,,,,,,,,,0.05,,,,,,,,,,,,,,,,,,,,,,,,0.18,,0.17,,,,,,0.03,,,0.07,0.3,0.17,,,,,,0.42,,,,,,,,,,,,,,,,,,,,,,,,0.06,,,,,,,,,,,,,,,,,,,,,,,,,,,,,,,,,,,,,,,,,,,,,,,,,,,,,,,,,,,,,,,,,,,,,,,,,,,,,,,,,,,,,,,,,,,,,,,,,,,,,,,,,,,,,,,,,,,0.15,,0.23,,,,,,,,,,,,,,,,,,,,,,,,0.03,,,,,,,,,,,,,,,,,,,,
长治市,0.3,0.32,1.03,,0.12,,,,,,,,,,0.41,0.59,,,,,0.31,,,,,,0.24,,,,,0.3,0.3,,2.89,0.6,0.16,0.21,,0.2,0.05,0.48,6.35,0.41,1.43,,21.75,0.58,5.35,1.01,1.75,3.39,2.38,0.05,0.11,,,,0.06,0.06,,0.08,,,,,,0.07,0.09,,,,,,,,,0.04,0.07,,,,,,,,0.04,0.15,,,0.06,,,,,,,,,0.04,,,,0.1,,,,,,0.05,,,,,,,,,,,,,,,,,0.06,,,,0.05,,,,0.05,,0.05,,,,,,,0.12,,,,,,,,,,,,,,,,,,0.06,0.08,0.07,0.09,0.46,,0.07,0.15,0.18,,0.3,0.16,,0.08,0.54,0.11,0.21,0.16,,0.37,0.1,2.92,0.85,0.63,1.2,0.32,,0.08,,,0.09,,0.08,,,,,,,,,,,,,,,0.02,,,,,,,,,,,,,,,,,,,,,,,,,,,,,,,,,,,,,,,,,,0.06,,,,,,,,,,,,,,,,,,,,,,,,,,,,,,,,,,,,,,,,,,,,,,,,,,,,,,,,,,,,,,,,,,,,,,0.05,0.18,0.15,0.19,,,,,,,,,,,,0.11,,,,,,,,,,,,0.1,,,,,,,,,,,,,,,,,0.07,,,
晋城市,,,0.26,,,,,,,,,,,,0.18,0.74,,,,,,,,,,,0.23,,,0.11,0.18,0.12,0.07,,0.74,,,,,0.08,,0.07,1.55,0.19,0.61,12.08,,0.34,0.54,1.13,0.93,2.62,0.27,,,,,,0.04,0.09,,0.02,,,,,,,,,,,,,,,,0.05,,,,,,,,,,0.4,,,,,,,,,,,,0.05,,,,,,,,,,,,,,,,,,,,,,,,,,,,,,,,,,,,,,,,,,,,,,,,,,,,,,,,,,,,,,,,,,0.11,,,,0.09,,0.52,0.13,,,0.08,,,0.48,0.12,0.55,,0.77,0.38,0.89,5.04,0.14,0.08,,,,0.1,,0.17,,,,,,,,,0.04,,,0.02,,,,,,,,,,,,,,,,,,,,,,,,,,,,,,,,,,,,,,,,,,,,,,,,,,,,,,,,,,,,,,,0.07,,,,,,,,,,,,,,,,,,,,,,,,,,,,,,,,,,,,,,,,,,,,,,,,,,,,,,0.1,0.32,0.11,,,0.02,,,,,,0.12,,0.16,,,,,,,,,,,,,0.08,,,,,0.08,,,,,,,,,,,,,,
朔州市,,0.16,0.31,,1.9,,,,,,,,,,,,,,,,,,,,,,,,,,,0.17,0.13,0.09,0.22,0.1,0.43,1.12,,0.08,0.04,0.1,2.63,31.22,0.59,0.49,0.25,,0.44,0.29,5.72,0.36,0.59,1.44,0.47,0.07,,,1.74,0.09,0.07,1.48,0.03,0.21,0.03,,,0.05,,0.05,,0.05,0.04,,,,,,,,0.06,,,,0.1,,,,,,0.06,,,,,,0.18,,,,,,,,,,,,,,,,,,,,,,,,,,,,,,,,,,,,,,,,,,,,,,,,,,,,,,,,,,,,,,,,,,,0.07,,0.12,0.09,,,,,,,,,,0.08,,,,,,,,,,,,,,,,,,,,,,,,,,,,,,,,0.02,,,,,,,,,,,,,,,,,,,,,,,,,,,,,,,,,,,,,,,,,,,,,,,,,,,,,,,,,,,,,,,,,,,,,,,,,,,,,,,,,,,,,,,,,,,,,,,,,,,,,,,,,,,,,,,,,,,0.2,0.21,,,,,,,,,0.08,,,,,,,,,,,,,,,,,,,,,,,,0.04,,,,,,,,,,
晋中市,0.25,0.25,1.32,,0.26,0.15,0.12,,,0.11,,,,,0.45,0.22,,,,,0.25,,,,,,0.58,0.13,0.22,0.19,,1.49,0.34,,1.33,2.38,0.42,0.19,0.15,0.66,0.06,0.24,27.93,1.42,25.37,9.41,1.44,1.58,,1.69,3.61,5.95,12.26,0.05,0.21,0.12,,,0.09,0.09,,0.27,,0.14,0.26,0.04,,,,0.1,0.09,0.06,,0.07,,,,0.1,,,,0.04,0.08,0.23,,,0.06,,,,,,,,0.13,,,,,,,,,0.17,,,0.11,,,0.06,,,,,,,,,,,,,,,,,,,,,,0.04,,,,,,,,,,0.17,,,,,,,,,,,,,,,,,,,,0.08,0.14,0.09,0.06,0.19,0.14,0.11,0.18,0.51,,0.18,0.16,0.13,0.14,0.44,0.19,,0.16,,0.17,,0.68,0.09,0.18,0.32,0.14,,0.07,0.35,,,,,,,,,,,0.03,,,,0.02,,,,0.02,,,,,,,,,0.06,,,,,,,,,,,,,,,,,,,,,,,,,,,,,,,,,0.04,,,,,,,,,,,,,,,,,0.05,0.1,0.19,,,,,,,,,,0.19,0.04,,,,,,,,,,,,,,,,,,,,,,,,,,,,,,,,,,,,0.11,,0.09,0.04,0.06,0.46,0.24,0.59,0.22,0.05,,,0.05,,,,,0.07,0.06,0.08,0.04,0.17,,,0.03,,,,,,,0.16,,0.12,0.12,,0.1,0.08,,,,,,,0.07,,,,,,,
运城市,0.43,0.18,0.2,,0.18,,,,0.11,0.19,,,,,0.3,0.72,0.1,,,,0.27,,0.14,,,0.18,2.91,0.15,0.31,0.11,,0.2,0.09,0.09,0.21,0.1,0.12,0.16,0.09,0.09,0.07,0.08,2.76,0.27,0.77,1.48,2.93,1.0,0.93,,1.06,20.89,0.82,0.13,0.06,0.07,,,0.15,,0.07,0.04,,,0.03,,,0.04,,,,,,,0.04,,,0.04,,,,,,,0.1,,,,,,,,,,,,,,,0.05,,,0.07,0.1,0.04,0.12,,0.06,,0.1,0.1,,0.1,,,,,,,,,,,,,,,,,,,,,,,,0.06,,,,,,,,,,,,,,,,,,0.14,0.09,,,,,,0.06,0.12,0.04,,0.17,,0.09,0.11,,,0.44,0.06,0.08,,,,0.33,0.43,0.16,0.8,0.18,0.28,0.09,0.28,0.59,,0.15,0.1,10.66,,0.11,,,,,,,,0.07,0.03,,0.04,0.03,,,,0.1,,,,,,,,,,,,,,,,,,,,,,,,,,,,0.02,,,,,,,,,,,,,,0.12,0.06,,,,,,,,,0.03,,,,0.05,0.12,0.1,,,0.11,0.28,,,,,0.06,,,,,0.26,,,,,,,,,,,,,,,,,,,,,,0.02,,,0.11,,,,,,,,,,,,0.79,0.18,0.15,0.16,2.9,1.82,0.15,0.56,0.25,0.33,,,,,0.07,,,0.08,,0.15,0.06,0.09,0.05,,0.05,,,,,,,0.27,0.05,0.07,0.02,,,,,,,0.08,,,,,,,,,,
忻州市,0.21,0.24,1.29,,2.75,,,,,,,,,,0.28,,,,,,,,,,,0.18,2.76,,,0.1,,2.34,0.27,0.28,0.53,0.36,1.85,0.44,0.17,0.83,0.11,0.12,12.57,5.14,6.21,1.66,1.27,10.44,2.69,0.8,,2.02,2.77,0.77,0.66,,0.13,,4.35,0.22,0.2,0.26,,0.03,,,0.09,,,,,,0.07,,,,0.03,,,,,,,,,,,,,,0.06,,,,0.06,,,,,,,,,0.08,,,,,,,,,,,,,,,0.04,,,,,,0.07,,,,,,0.03,,,,,,,,,,,,,,,,,,,0.07,,,,,,,,,,,,0.05,,0.09,,0.37,0.11,0.07,,0.08,,0.03,0.09,,0.07,0.19,0.5,,,,,,0.16,0.15,,0.1,0.1,,,0.19,,,,,,,,,,,,,,,,,,,,,,,,,,,,,,,,,,,,,,,,,,,,,,,,,,,,,,,,,,,,0.08,0.06,,,,,,,,,,,,,,,,,0.03,,,,,,,,,,,,,,,,,,,,,,,,,,,,,,,,,,,,,,,,,,,,,,,,,0.07,0.1,0.16,,,0.09,,7.39,0.52,0.16,,,0.05,,,0.03,,,,,,,,,0.01,,,,,,,0.03,0.04,,0.04,,0.04,,,,,,,,,,,,,,,
临汾市,0.77,0.33,0.43,,0.25,,,,,,,,,,0.29,0.31,,,,,0.26,,,,,,2.1,0.15,0.11,0.24,0.2,0.31,0.23,,0.74,0.21,0.14,0.1,0.19,0.22,0.11,0.16,6.19,0.73,1.28,4.63,7.2,0.61,4.57,16.83,2.96,,4.38,0.04,0.08,0.03,,,0.3,0.09,0.07,0.1,,0.03,0.03,,,,,,,,,,0.04,,,,,,,0.03,,0.06,,,,,,,0.51,,0.09,,,,,,,,,,,,,,,0.08,,,,0.03,,,,,,,,,,,,,,,,,0.04,,,,,,,,,,,0.08,,,,0.13,,,,,,0.06,,,,,,,,,,,,0.07,0.13,0.09,,0.37,,0.08,0.13,0.12,,0.45,0.06,,0.09,0.16,0.06,,0.19,,0.27,0.13,0.67,0.15,0.38,0.51,,0.09,0.06,0.45,,,,0.09,,,,,,,0.03,,,,,0.02,,,,,,,,,,,,,,,,,,,,,,,,,,,,,,,,,,,,,,,,,,,,,0.1,,,,,,,,,0.07,,,,0.05,,,,,,0.09,,,,,,,,,0.13,0.13,,,,,,,,,,,,,,,,,0.04,,0.03,0.04,,,,,0.06,,,,,,,,,,,,0.24,0.1,0.19,0.04,0.53,5.34,0.35,1.32,0.54,0.1,0.04,,,,0.1,,,,0.11,0.22,,,,,0.03,,,,,,,0.03,0.14,0.05,,,0.12,,,,,0.2,,,,,,,,,,
吕梁市,0.21,0.25,0.82,,0.98,0.32,,,,,,,,,0.34,,,,,,,,,,,,3.73,,0.44,0.29,,1.15,0.66,0.07,0.74,0.74,0.3,0.14,0.13,0.55,0.04,0.16,19.02,0.78,2.8,3.19,2.1,1.0,12.57,1.07,3.56,6.06,,0.13,0.58,0.67,0.14,,1.01,,,0.13,,,1.0,0.08,0.16,0.05,,0.05,,,,,,,0.47,,,,0.08,,,,,,0.08,,,,0.12,,,,,,0.09,,,,,,,0.11,,,,,,,0.07,,,,,,,,,,,,,,,,0.06,,0.05,,0.03,,,,,,,,,,,,,,,,,,,,,,,,,,,,,,,,,0.05,0.09,0.37,,,,0.29,,0.15,0.23,0.07,0.07,0.53,0.08,0.12,,,,0.09,0.43,0.08,0.14,0.29,,,,0.25,,,,,,,,,,,,,,,,,,,,,,,,,,,,,,,,,,,,,,,,,,,,,,,,,,,,,,,,,0.03,,,,,,,,,,,,,,,,,,,,,,,,,,,,,,,,,,,,,,,,,,,,,,,,,0.02,,,,,,,,,,,,,,,,,,,,,0.06,0.06,0.09,0.03,0.05,1.15,0.09,10.09,0.23,,0.04,,,0.06,,,0.15,,0.09,,,,,,0.1,,0.05,0.06,0.04,,,0.27,0.08,0.05,0.21,0.04,0.04,,,,,,,,,,,,,,,
呼和浩特市,0.41,0.33,0.49,1.35,,0.36,0.14,0.19,,,,,,,0.2,,,,,,0.69,,,,,,0.27,0.17,0.17,0.66,0.15,0.34,0.18,0.12,0.22,0.2,0.47,1.66,0.32,0.32,0.16,0.15,0.23,2.15,0.2,0.09,0.16,2.73,0.12,0.14,0.99,0.08,0.26,,21.56,2.69,4.36,3.08,11.59,6.95,14.25,45.45,3.05,20.39,3.55,0.1,0.39,0.11,0.06,,,0.07,0.07,0.09,,,,0.11,0.12,,0.08,0.05,,0.1,0.05,0.08,,,0.09,0.25,,0.08,0.19,,0.13,0.11,,,,,,,,,,,,,,,,,,,,,,,,,,0.05,,,,,,,,0.05,,,0.07,,,,,,,,,,0.03,0.22,0.04,,,,,,,,,,,,,,,0.1,,,0.08,0.09,,0.09,0.08,0.06,,,,0.03,,,0.07,,0.13,0.16,0.07,,,,,,0.13,,0.1,,,,,,,,,,0.04,,,,,,,0.03,,,,,,,,,,,,,,,,,,,,,,,,,,,,,,,,,,,,,,,,,,,,,,,,,,,,,,,,0.13,,,,0.05,,,,,,0.12,,,,,,,,,,,,,,,,,,,,,,,,,,,,,,,,,,,,,,,,,,,,,,,0.07,0.04,0.08,,0.07,0.07,,0.27,,,,0.02,0.05,0.09,,0.13,0.15,0.06,0.11,,0.07,,0.1,0.05,0.03,,,,,,,,0.32,0.2,0.1,0.21,0.16,,,,,0.04,,0.06,0.07,,,,,,,
包头市,0.24,0.32,0.39,0.99,,0.23,,,,,,,,,,,,,,,0.27,,,,,,0.4,0.27,0.14,0.71,,0.18,0.2,0.18,0.13,0.15,0.43,1.49,0.05,0.29,0.05,0.21,0.15,1.43,0.22,0.09,,0.65,0.19,,0.67,0.16,0.76,16.82,,2.71,1.05,0.43,12.32,0.54,27.5,10.03,0.42,4.19,1.13,,0.13,0.03,0.04,0.05,0.07,0.1,0.08,0.04,,,,0.12,0.15,,,,0.08,,0.2,,,,,0.08,,,,,0.06,0.05,0.09,,0.05,,,,,,,,,,,,,,,,,,,,,,,,,,,,,,,,0.05,,,,,,,,,,,,,,,,,,0.05,,,,,,,,,,,,,,,0.05,,,0.08,,,,,,,,,,0.07,,,,,,,,,,,,,,,,,,,,,,,,,,,,,,,,,,,,,,,,,,,,,,,,,,,,,,,,,,,,,,,,,,0.03,,,,,,,,,,,,,,,,,,,,,,,,,,,,,,,,,,,,,,,,,,,,,,,,,,,,,,,,,,,,,,,,,,,0.03,,,,,,,0.07,,,,0.04,0.18,,0.75,,,0.04,,0.1,0.14,0.17,0.22,0.06,0.1,,0.08,0.08,,0.11,0.05,0.02,,,,,,,0.03,0.31,0.3,0.2,0.12,0.16,,,,,,,,,,,,,,,
乌海市,,,,0.35,,,,,,,,,,,,,,,,,,,,,,,0.31,0.7,0.22,6.21,,,,,,,,0.23,,,,,,0.26,,,0.16,0.19,,,0.17,,0.52,1.07,1.58,,0.25,0.13,14.39,0.09,8.23,0.82,0.06,0.18,34.75,,,,,,,,0.05,,,0.02,,,,,,,,0.06,,0.04,,,,,0.45,,,,,,,,,,,,,,,,,,,,,,,,,,,,,,,,,,,,,,,,,,,,,,,,,,,,,,,,,,,,,,,,,,,,,,,,,,,,,,,,,,,,,,,,,,,,,,,,,,,,,,,,,,,,,,,,,,,,,,,,,,,,,,,,,,,,,,,,,,,,,,,,,,,,,,,,,,,,,,,,,,,,,,,,,,,,,,,,,,,,,,,,,,,,,,,,,,,,,,,,,,,,,,,,,,,,,,,,,,,,,,,,,,,,,,,0.15,,0.63,,,0.17,0.02,0.3,0.37,,0.79,0.09,0.26,,0.97,0.14,0.06,0.02,0.15,0.02,,,0.06,,,,0.2,1.73,7.94,0.82,0.82,1.02,,,,,,,,,,,,,,,
赤峰市,0.61,0.37,0.77,,,8.34,0.94,0.99,,,,,,,,,0.1,,,,,,,,,,,,0.11,,0.22,0.13,0.84,1.16,,,0.3,0.43,9.17,0.14,0.29,,,0.18,,,,0.05,,,,,0.06,2.23,0.95,0.1,,18.03,0.45,4.38,0.49,1.7,5.62,17.31,0.2,1.95,0.59,0.38,0.15,0.25,0.51,1.57,0.4,1.11,0.18,0.86,0.29,24.68,0.93,0.26,0.26,0.36,0.16,0.08,0.1,0.49,0.95,0.25,0.42,1.23,,0.17,0.04,0.22,0.46,,,0.22,0.68,0.63,0.31,,,,,,,,,,,,,,,,,,,,,,,,,,,,,,,0.05,,,,,,,,,,,,,,,,,,,,,,,,,,,,,,0.04,,,,0.06,0.08,,,,,,,,0.07,,0.08,,,,,,,,,,,,,,,,,,,,0.04,,,0.03,,,,0.06,,,,,0.08,,,,,,,,,,,,,,,,,,,,,,,,,,,,,,,,,,,,0.02,,,,,,,,,,,,,,,,,,,,,,,,,,,,,,,,,,,,,,,,,,,,,,,,,,,,,,,,,,,,0.04,,,,,,,,,,,,,,,,,,,0.05,,,,,,,,,,0.06,0.04,,,,,,0.02,,,,,,,,,0.1,,,,0.11,,,,,,,0.07,,,,,,,
通辽市,0.26,0.21,,,,5.35,4.74,1.02,,,,,,,,,,,,,,,,,,,,,,,,,0.15,0.3,,,,0.1,0.32,,0.04,0.07,,,,,,,,,,,,0.66,0.12,0.01,12.16,,0.09,4.57,0.1,0.11,17.81,3.61,,2.09,0.81,0.3,0.19,0.22,0.37,1.43,0.58,11.06,0.21,0.9,2.11,1.11,0.3,0.87,0.46,3.34,0.45,0.45,0.46,2.85,4.52,0.2,0.27,1.3,,,0.09,1.03,,0.17,,0.29,0.39,0.51,0.62,,,,,,,,,,,,,,,,,,,,,,,,,,,,,,,,,,,,,,,,,,,,,,,,,,,,,,,,,,,,,,,,,0.05,,,,,,,,,0.08,,0.12,,,,,,,,,,,,,,,,,,,,,,,,,,,,,,,,,,,,,,,,,,,,,,,,,,,,,,,,,,,,,,,,,,,,,,,,,,,,,,,,,,,,,,,,,,,,,,,,,,,,,,,,,,,,,,,,,,,,,,,,,,,,,,,,,,,,,,,,,,,,,,,,,,,,,,,,,,,,,,,,,,,,,,,,,,,,,,,,,,,,,,,,,,,,,,,
鄂尔多斯市,,0.36,1.13,6.25,,0.53,0.16,0.18,,,,,,,0.36,,,,,,,,,,,,8.31,1.29,0.53,12.17,0.18,0.86,0.37,0.21,0.57,0.53,1.08,5.61,0.13,0.38,0.1,0.22,0.48,7.3,1.28,0.44,0.59,6.34,0.25,0.32,10.74,0.52,2.41,16.81,30.24,48.02,0.96,0.49,,0.9,22.61,4.58,0.78,2.09,2.94,0.07,,0.14,0.04,0.07,0.25,0.21,0.15,0.18,0.04,0.33,0.13,0.28,0.25,,0.08,0.07,0.05,0.08,,,0.1,0.1,0.13,0.1,0.19,0.08,,0.06,0.06,0.14,0.09,,0.11,,,,,0.08,,,,,,,,,,,,,,,,,,,,,,,,,0.13,,0.22,,,,,0.05,0.05,,,,,,,,,,,,,0.05,,,,,,,,,,,,,,0.18,0.35,0.25,,,0.22,0.49,,0.03,0.19,0.08,0.11,,0.19,,,,,,0.11,,,0.13,0.15,0.1,,,,,,,,,,,,,,,,,,,,,,,,,,,,,,,,,,,,,,,,,,,,,,,,,,,,,,,,,,,,,,,0.12,,,,,,,,,,,,,,,,,,,,,,,,,,,,,,,,,,,,,,,,,,,,,,,,,,,,,,,,,,,,,,,,,,0.18,0.23,0.13,0.1,0.21,1.16,0.13,23.21,,0.08,0.32,,0.15,0.36,0.15,0.84,0.21,0.45,0.04,2.09,0.39,0.23,0.07,,0.09,,0.47,,0.04,,,0.16,5.11,9.55,3.23,0.75,1.16,,,,,0.12,,,,,,,0.07,,,
呼伦贝尔市,,,,,,0.4,0.24,3.59,,,,,,,,,,,,,0.34,,,,,,,,,,,,,0.1,,,,0.08,,,,,,,,,,,,,,,,0.73,0.13,,0.96,1.16,,,0.1,0.06,6.44,0.68,,0.15,0.12,0.1,0.09,,,0.15,0.14,0.04,0.05,0.14,0.07,0.07,,0.07,,0.06,,0.06,,0.1,0.36,,0.91,8.08,,,,1.24,0.79,0.08,0.09,0.35,2.56,0.63,4.98,,,,,,,,,,,,,,,,,,,,,,,,,,,,,,,,,,,,,,,,,,,0.19,,,,,,,,,,,,,,,,,,,,,,,,,,,,,,,,,,,,,,,,,,,,,,,,,,,,,,,,,,,,0.03,,,,,,,,,,,,,,,,,,,,,,,,,,,,,,,,,,,,,,,,,,,,,,,,,,,,,,,,,,,,,,,,,,,,,,,,,,,,,,,,,,,,,,,,,,,,,,,0.05,,,,,,,,,,,,,,,,,,,,,,,,,,,,,,,,,,,,,,,,,,,,,,,,,,,,,,0.04,,,,,,,,,,,,,,,
巴彦淖尔市,,0.2,0.15,0.16,,,,,,,,,,,,,,,,,,,,,,0.09,,0.47,0.22,1.87,,0.14,0.1,,,,0.15,0.47,0.05,,,,,0.2,,,,0.13,,,0.08,0.08,0.06,4.79,15.77,7.36,0.34,0.35,6.18,0.12,,1.16,0.39,0.97,9.01,,,,,,0.09,,,,0.02,,,,,,,,,,,,,,,,0.06,0.17,,,,,,,,,0.31,,,,,,,,,,,,,,,,,,,,,,,,,,,,,,,,,,,,,,,,,,,,,,,,,,,,,,,,,,,,,,,,,,,,,,,,,,,,0.08,,,,,,,,,,,,,,,,,,,,,,,,,,,,0.02,,,,,,,,,,,,,,,,,,,,,,,,,,,,,,,,,,,,,,,,,,,,,,,,,,,,,,,0.03,,,,,,,,,,,,,,,,,,,,,,,,,,,,,,,,,,,,,,,,,,,,,,,,0.04,,,,,,,,,,,,,,0.06,,0.25,0.11,,0.13,0.02,0.2,0.1,0.14,0.41,0.06,0.16,0.06,0.1,0.42,,0.05,0.1,0.03,,,,,,,0.1,0.72,0.99,0.48,0.48,0.41,,,,,,,,,,,,0.07,,,
乌兰察布市,0.32,0.47,0.65,2.2,,0.24,,,,,,,,,,,,,,,,,,,,,,,0.09,0.11,,0.11,0.33,0.09,0.11,0.09,0.32,6.77,0.57,0.09,0.09,,0.13,7.9,0.1,,,2.35,0.11,,0.29,0.16,0.07,32.06,8.33,0.76,1.62,0.44,1.81,0.54,1.62,,0.66,18.4,0.33,0.12,,0.04,0.12,,,0.05,0.05,,0.03,,,0.1,0.09,,0.07,,0.08,,,,,,,0.07,,,0.09,,,,,,,,,,,,,,,,,,,,,,,,,,,,,,,,,,,,,,,,,,,,,,,,,,,,,,,,,,,,,,,,,,,,,,,,,0.18,,,,,,,,,0.05,,0.07,,,,,,,,,,,,,,,,,,,,,,,,,,,,,,,,,,,,,,,,,,,,,,,,,,,,,,,,,,,,,,,,,,,,,,,,,,,,,,,,,,,,,,,,,,,,,,,,,,,,,,,,,,,,,,,,,,,,,,,,,,,,,,,,,,,,,,,,,,,,,,,,,,,0.23,,,0.04,,,,,0.05,,,0.04,,,,0.03,,,,,,,,,,0.06,0.07,,,,,,,,,,,,,,,,,,
兴安盟,,,,,,0.65,3.85,1.68,,,,,,,,,,,,,,,,,,,,,,,,,,,,,,,,,,,,,,,,,,,,,,0.48,0.11,0.01,1.04,5.71,0.03,11.79,0.09,0.03,,1.59,,0.22,0.28,0.17,0.04,0.27,,0.11,0.23,0.4,0.05,0.08,0.15,0.07,0.13,0.31,0.14,0.1,,0.08,,0.53,17.84,0.2,0.12,5.41,0.06,,,0.12,0.13,0.11,,,0.11,0.1,,,,,,,,,,,,,,,,,,,,,,,,,,,,,,,,,,,,,,,,,,,,,,,,,,,,,,,,,,,,,,,,,,,,,,,,,,,,,,,,,,,,,,,,,,,,,,,,,,,,,,,,,,0.02,,,,,,,,,,,,,,,,,,,,,,,,,,,,,,,,,,,,,,,,,,,,,,,,,,,,,,,,,,,,,,,,,,,,,,,,,,,,,,,,,,,,,,,,,,,,,,,,,,,,,,,,,,,,,,,,,,,,,,,,,,,,,,,,,,,,,,,,,,,,,,,,,,,,,,,,,,,,,,,,,,
锡林郭勒盟,,,0.37,,,0.8,0.11,0.09,,,,,,,,,,,,,,,,,,,,,,,,,0.08,,,,0.15,3.37,1.44,0.08,0.06,,,0.18,,,,0.06,,,0.05,,,4.18,0.79,0.2,5.68,2.44,0.27,1.22,0.43,5.9,2.81,,0.2,0.05,,,0.06,,,0.11,,4.94,,0.07,0.08,0.15,,,,0.04,,,0.05,0.04,0.16,0.1,,0.11,0.06,,,,,,0.18,,,0.04,,,,,,,,,,,,,,,,,,,,,,,,,,,,,,,,,,,,,,,,,,,,,,,,,,,,,,,,,,,,,,,,,,,,,,,,,,,,,,,,,,,,,,,,,,,,,,,,,,,,,,,,,,,,,,,,,,,,,,,,,,,,,,,,,,,,,,,,,,,,,,,,,,,,,,,,,,,,,,,,,,,,,,,,,,,,,,,,,,,,,,,,,,,,,,,,,,,,,,,,0.03,,,,,,,,,,,,,,,,,,,,,,,,,,,,,,,,,,,,,,,,,,,,,,,,,,0.07,,,,,,,,,,,,,,,,,,
阿拉善盟,,,,,,,,,,,,,,,,,,,,,,,,,,,,2.43,0.14,5.95,4.03,,0.12,0.1,,,,0.08,,0.11,,,,0.06,0.06,,,0.07,0.06,,,,0.18,0.79,0.43,21.12,0.11,0.04,0.63,0.09,5.17,0.29,0.15,0.07,,,,,,0.1,,,,,,,,,,,,,,,,,,,,,,,,,,,,,,,,,,,,,,,,,,,,,,,,,,,,,,,,,,,,,,,,,,,,,,,,,,,,,,,,,,,,,,,,,,,,,,,,,0.24,,,,,,,,,,0.08,,,,,,,,,,,,,,,,,,,,,,,,,,,,,,,,,,,,,,,,,,,,,,,,,,,,,,,,,,,,,,,,,,,,,,,,,,,,,,,,,,,,,,,,,,,,,,,,,,,,,,,,,,,,,,,,,,,,,,,,,,,,,,,,,,,,,,,,,,,,,0.04,,,0.05,0.03,,0.25,,,0.14,1.04,2.95,3.77,,3.73,2.2,0.21,2.88,0.07,0.06,,0.05,,,,0.15,,,,,0.13,1.87,4.8,0.69,0.36,3.25,0.27,,,,0.75,,0.19,0.14,,,,0.46,,,
沈阳市,0.72,0.63,0.59,0.25,4.3,,10.3,6.58,0.15,0.21,0.24,0.16,0.37,,0.58,0.2,0.18,,0.27,,1.52,,,,,0.09,,,,,0.33,0.18,0.7,2.02,0.32,0.31,0.33,0.15,0.38,0.4,0.24,0.22,0.08,0.08,0.06,0.07,,0.07,0.15,,0.14,,0.2,0.15,0.08,0.03,4.51,12.58,0.04,2.89,,0.34,3.41,0.65,0.03,,14.37,17.25,58.81,44.91,25.83,20.99,14.07,29.75,33.43,12.61,53.51,18.23,12.3,2.8,3.16,3.93,5.12,8.25,6.83,2.6,3.75,3.25,3.6,5.09,2.78,1.24,1.55,2.91,2.44,2.38,1.35,3.43,1.93,3.0,2.18,0.07,,0.14,,0.07,0.18,,0.05,0.15,0.12,0.05,0.15,0.05,0.07,0.11,0.27,,,,0.13,,,,,0.08,,,,,,0.14,0.47,0.05,,0.12,,0.03,0.14,0.28,0.1,0.15,,0.42,0.08,0.16,,0.14,0.13,0.09,,,,,,,0.06,,,0.07,,0.13,0.24,0.12,,0.12,0.47,0.36,0.25,0.22,0.19,0.05,,0.14,0.17,0.17,0.09,0.39,0.17,,0.16,,,0.08,0.11,,0.21,,0.34,,,,,0.17,0.17,0.5,0.06,,,0.14,0.14,,,,,,,,,0.5,,,,,,,,,,,,,,,0.07,,0.06,0.09,0.08,0.02,,0.05,0.02,,,,0.03,,,0.02,,0.03,0.03,,0.01,0.04,,,0.02,,0.1,,,,,,,0.02,,0.08,0.5,,0.5,0.07,0.12,,,,0.07,,,0.05,0.05,,,,,,,,,0.04,,,,,,,,,0.5,0.5,0.5,0.04,,0.02,,,,,,,,,0.13,,0.05,,,,,,,,,,0.1,,,,,0.03,,,,,0.08,0.05,,,,,,,,,,0.06,,,,,,,,,,,,,,0.02,,0.16,0.5,,,0.16,0.5,,,0.5,0.5,0.5,,0.5,0.5,0.5
大连市,0.36,0.3,0.28,,1.68,,5.66,5.03,0.15,0.15,,0.08,0.18,,0.64,0.18,,,,,0.29,,,,,,,,,,0.15,,0.41,0.89,0.21,,0.14,0.19,0.28,0.19,0.06,,0.04,0.05,,,,,,,0.04,,0.06,0.18,0.03,,1.9,3.51,,2.15,0.03,0.09,2.45,0.14,0.03,4.12,,6.52,3.43,4.56,18.5,2.59,16.74,3.09,2.28,4.29,2.49,4.19,3.04,1.58,2.12,1.61,2.88,4.07,2.18,1.73,2.63,2.6,2.3,4.29,1.16,0.97,1.6,1.98,0.92,0.8,1.08,2.33,3.3,3.02,2.49,0.05,0.05,,,0.07,,0.11,,0.12,0.1,,0.1,,,,,,,,,,0.59,,,,0.06,,,0.04,,0.07,0.12,,,0.09,,0.04,0.05,0.26,,,0.04,0.23,,,,,,0.06,,,,,,,,,,,,0.06,0.37,0.14,,0.19,1.93,0.14,,,2.37,0.25,0.03,0.16,0.05,,0.08,0.2,,,,,,,,,,,,,,0.11,0.15,0.2,0.17,,0.02,,,,,,,,,,,,,,,,,,,,,,,,,,,,,,,0.04,,,,,,,,,,,,,,,,,,,,,,,,0.01,,,,,,,,,,,,,,,,,,,,,,0.15,,,0.1,,,,,,,,,,,,,,,,,,,,,,0.03,,,,,,0.09,,,,,,,,,,,,,,,,,,,,,0.04,,,0.05,,0.09,0.05,,,,,,,,,,,,,,,,,,,,,,0.13,,,,,,,0.07,,,,,,,
鞍山市,0.21,0.13,0.18,,0.47,,0.92,0.55,,,,,,,,,,,,,,,,,,,,,,,,,0.47,0.3,,,0.1,0.1,0.3,,0.07,,,0.05,0.04,,0.07,,,,,,,0.04,0.04,,0.42,0.55,0.15,0.28,,0.05,1.27,0.03,,6.16,6.98,,1.37,4.0,7.91,4.0,20.26,1.56,39.46,15.31,1.42,1.66,1.53,0.31,0.39,0.23,0.8,0.39,0.26,0.23,0.42,0.1,0.31,0.3,,0.26,0.09,0.31,0.52,0.11,,0.25,0.62,0.25,,,,,,,,,,,,,,,,,,,,,,,,,,,,,,,,,,,,,,,,,,,,,,,,,,,,,,,,,,,,,,,,0.04,,0.06,,,,,,,,,,,0.05,,,,,,,,,,,,,,,,,,,,,,,,,,,,,,,,,,,,,,,,,,,,,,,,,,,,,,,,,,,,,,,,,,,,,,,,,,,,,,,,,,,,,,,,,,,,,,,,,,,,,,,,,,,,,,,,,,,,,,,,,,0.03,,0.04,,,,,,,,,,,,,,,,,,,,,,,,,,,,,,,,,,,,,,0.02,,,,,,,,,,,,,,,,,,,0.04,,,0.07,,,,,,,
抚顺市,,,,,,,2.28,0.26,,,,,,,,,,,,,,,,,,,,,,,,,0.07,0.1,,,,,0.09,,,,,,,,,0.05,,,,,,,,,0.12,0.09,,0.12,,,0.06,,,11.15,1.06,0.74,,7.14,1.86,0.69,1.08,0.42,1.0,0.85,3.64,0.33,0.28,0.13,0.77,0.13,7.22,3.31,1.19,0.07,0.06,0.8,0.11,0.11,,0.08,,,,0.14,0.81,0.45,0.11,0.09,,,,,,,,,,,,,,,,,,,,,,,,,,,,,,,,,,,,,,,,,,,,,,,,,,,,,,,,,,,,,,,,,,,,,,,,,,,,,,,,,,,,,,,,,,,,,,,,,,,,,,,,,,,,,,,,,,,,,,,,,,,,,,,,,,,,,,,,,,,,,,,,,,,,,,,,,,,,,,,,,,,,,,,,,,,,,,,,,,,,,,,,,,,,,,,,,,,,,,,,,,,,,,,,,,,,,,,,,,,,,,,,,,,,,,,,,,,,,,,,,,,,,,,,,,,,,,,,,,,,,,,,,,,,
本溪市,,,,,,,0.33,0.12,,,,,,,,,,,,,,,,,,,,,,,,,,,,,,,,,,,,,,,,,,,,,,,,,0.1,0.09,,0.22,,,0.21,,,4.89,1.1,0.91,3.64,,8.58,0.28,0.82,0.28,4.08,0.44,0.55,0.08,0.39,0.07,0.12,0.06,0.18,0.69,0.05,,0.06,0.1,,0.11,0.06,0.17,0.04,,,0.08,,0.09,,,,,,,,,,,,,,,,,,,,,,,,,,,,,,,,,,,,,,,,,,,,,,,,,,,,,,,,,,0.09,,,,,,,,,,,,,,,,,,,,,,,,,,,,,,,,,,,,,,,,,,,,,,,,,,,,,,,,,,,,,,,,,,,,,,,,,,,,,,,,,,,,,,,,,,,,,,,,,,,,,,,,,,,,,,,,,,,,,,,,,,,,,,,,,,,,,,,,,,,,,,,,,,,,,,,,,,,,,,,,,,,,,,,,,,,,,,,,,,,,,,,,,,,,,,,,,,,,,,,,,,,,,,,,,,,,
丹东市,,,,,,,0.66,0.26,,,,,,,,,,,,,,,,,,,,,,,,,0.12,0.07,,,,,0.05,,,,,,,,,,,,,,,,,,0.1,0.1,0.03,0.16,,,0.06,,,2.05,5.55,2.32,0.61,7.35,,0.23,0.96,0.37,0.7,0.37,0.29,0.2,0.37,0.13,0.29,0.04,0.16,1.1,0.99,0.05,0.08,1.1,0.15,0.1,0.12,0.26,0.04,0.12,0.13,,0.09,0.55,,0.06,,,,,,,,,,,,,,,,,,,,,,,,,,,,,,,,,,,,,,,,,,,,,,,,,,,,,,,,,,,,,,,,,,,,,,,0.12,,,,,,,,,,,,,,,,,,,,,,,,,,,,,,,,,,,,,,,,,,,,,,,,,,,,,,,,,,,,,,,,,0.01,,,,,,,,,,,,,,,,,,,,,,,,,,,,,,,,,,,,,,,,,,,,,,,,,,,,,,,,,,,,,,,,,,,,,,,,,,,,,,,,,,,,,,,,,,,,,,,,,,,,,,,,,,,,,,,,,,,,,,0.08,,,,,,,,,,,,,,
锦州市,0.29,0.22,0.19,,0.98,,1.05,1.08,,,,,,,,,,,,,,,,,,,,,,,,,0.47,0.82,,,,,0.15,0.12,0.07,,0.03,,,,,,,,0.02,,,0.08,0.05,,1.6,1.99,0.05,0.41,0.03,,0.72,0.14,,5.44,2.64,3.04,0.96,1.11,1.26,,2.45,17.28,0.83,27.68,0.95,7.36,22.45,0.3,0.36,0.39,0.21,0.41,0.26,0.51,0.61,0.15,0.63,0.56,0.19,0.17,0.43,0.74,0.13,0.37,0.18,0.8,0.17,0.52,0.62,,,,,,,,,,,,,,,,,,,,,,,,,,,,,,,,,,,,,,,,,,,,,,,,,,,,,,,,,,,,,,,,,,,,,0.06,,,0.06,,,,0.09,,,,,,,,,,,,,,,,,,,,,,,0.03,,,,,,,,,,,,,,,,,,,,,,,,,,,,,,,,,,,,,,,,,,,,,,,,,,,,,,,,,,,,,,,,,,,,,,,,,,,,,,,,,,,,,,,,,,,,,,,,,,,,,,,,,,,,,,,,,,,,,,,,,,,,,,,,,0.05,,,,,,,,,,,,,,,,,,,,,,,,,,,,,,,,,,,,,,,
营口市,,0.19,0.19,,0.57,,1.36,1.83,,,,,,,,,,,,,,,,,,0.09,,,,,,,0.45,0.52,0.12,,,0.05,0.25,0.16,,,,,,,,,,,,,,,,,0.62,1.56,0.03,0.54,,0.06,0.39,,,3.45,14.6,14.97,1.01,1.36,2.45,1.46,,1.06,3.16,16.1,1.29,1.14,1.35,0.37,0.49,0.45,0.67,0.88,0.46,0.55,0.36,0.6,1.18,1.16,1.23,0.97,1.36,0.43,0.06,0.31,0.81,0.45,1.19,0.81,1.24,,,,,,,,,,,,,,,,,,,,,,0.04,,,,,,,,,,,,,,,,,,,,,,,,,,,,,,,,,,,,,,,,,,,,0.15,,,,0.17,,,,,,0.04,,,,,,,,,,,,,,,,,,,,,,,,,,,,,,,,,,,,,,,,,,,,,,,,,,,,,,,,,,,,,,,,,,,,,,,,,,,,,,,,,,,,,,,,,,,,,,,,,,,,,,,,,,,,,,,,,,,,,,,,,,,,,,,,,,,,,0.03,,,,,,,,,,,,,,,,,,,,,,,,,,,,,0.02,,,,,,,,,,,0.07,,,,,,,,,,,,,,,,,,
阜新市,,0.14,,,1.49,,0.5,0.39,,,,,,,,,,,,,,,,,,,,,,,,,0.13,0.4,,,,,,,0.04,,,,,,,,,,,,,,,,0.65,6.69,0.04,0.16,,0.02,0.42,0.14,,3.67,1.18,0.53,0.27,0.53,0.49,7.25,0.7,,0.31,0.6,0.62,3.01,0.67,0.15,0.13,0.2,,0.1,,0.4,0.16,0.1,0.15,0.31,0.06,,0.29,0.39,,,,0.19,0.11,0.19,,,,,,,,,,,,,,,,,,,,,,,,,,,,,,,,,,,,,,,,,,,,,,,,,,,,,,,,,,,,,,,,,,,,,,,,,,,,,,,,,,,,,,,,,,,,,,,,,,,,,,,,,,,,,,,,,,,,,,,,,,,,,,,,,,,,,,,,,,,,,,,,,,,,,,,,,,,,,,,,,,,,,,,,,,,,,,,,,,,,,,,,,,,,,,,,,,,,,,,,,,,,,,,,,,,,,,,,,,,,,,,,,,,,,,,,,,,,,,,,,,,,,,,,,,,,,,,,,,,,,,,,,,,,
辽阳市,,0.1,,,0.1,,0.53,0.41,,,,,,,,,,,,,,,,,,0.09,,,,,,,0.11,,,,,,,,,,,,,,,,,,,,,,0.02,,0.09,0.15,,0.19,,,0.06,0.07,,9.51,1.86,26.22,1.08,10.69,1.35,0.87,2.34,0.61,,1.52,1.04,0.51,0.72,0.19,0.19,0.2,0.18,0.3,0.2,0.07,0.27,0.25,0.25,0.41,0.45,0.08,0.04,0.2,0.19,0.05,,0.16,0.11,0.09,,,,,,,,,,,,,,,,,,,,,,,,,,,,,,,,,,,,,,,,,,,,,,,,,,,,,,,,,,,,,,,,,,,,,,,,,,,,,,,,,,,,,,,,,,,,,,,,,,,,,,,,,,,,,,,,,,,,,,,,,,,,,,,,,,,,,,,,,,,,,,,,,,,,,,,,,,,,,,,,,,,,,,,,,,,,,,,,,,,,,,,,,,,,,,,,,,,,,,,,,,,,,,,,,,0.03,,,,,,,,,,,,,,,,,,,,,,,,,,,,,,,,,,,,,,,,,,,,,,,,,,,,,,,,,,
盘锦市,,0.18,0.12,,0.44,,0.67,0.74,,,,,,,,,,,,,,,,,,,,,,,,,0.22,0.27,,,,,0.13,0.12,,,,,,,,0.02,,,,,,,,,1.09,0.39,0.02,0.19,,,0.36,,,2.79,2.67,7.64,1.42,0.53,1.3,17.93,14.6,1.63,1.24,,0.61,1.98,1.65,0.14,0.51,0.28,0.05,0.3,0.15,0.31,0.1,,0.44,0.34,0.12,,0.24,0.59,0.06,0.17,0.09,0.48,0.62,0.33,,,,,,,,,,,,,,,,,,,,,,,,,,,,,0.04,,,,,,,,,,,,,,,,,,,,,,,,,,,,,,,,,,,,,0.16,,,,,,,,,,,,,,,,,,,,,,,,,,,,,,,,,,,,,,,,,,,,,,,,,,,,,,,,,,,,,,,,,,,,,,,,,,,,,,,,,,,,,,,,,,,,,,,,,,,,,,,,,,,,,,,,,,,,,,,,,,,,,,,,,,,,,,,,,,,,,,,,,,,,,,,,,,,,,,,,,,,,,,,,,,,,,,,,,,,,,,0.03,,,,,,,,,,,,,,,,,,,,
铁岭市,,0.1,,,0.64,,7.32,1.09,,,,,,,,,,,,,,,,,,,,,,,,,0.1,0.31,,,,,,,,,0.03,,0.04,,0.14,,,,,,,,,,0.27,2.81,,0.22,,,0.24,,,15.31,1.79,0.81,5.41,1.59,1.37,0.91,1.74,1.34,0.71,1.25,,0.45,0.55,0.86,0.48,9.21,8.84,0.69,0.41,0.56,0.46,0.6,0.83,0.27,0.19,,0.63,0.26,0.52,0.28,0.72,0.97,0.34,0.52,,,,,,,,,,,,,,,,,,,,,,,,,,,,,,,,,,,,,,,,,,,,,,,,,,,,,,,,,,,,,,,,,,,,,,,0.08,,,,,,,,,,,,,,,,,,,,,,,,,,,,,,,,,,,,,,,,,,,,,,,,,,,,,,,,,,,,,,,,,,,,0.02,,,,,,,,,,,,,,,,,,,,,,,,,,,,,,,,,,,,,,,,,,,,,,,,,,,,,,,,,,,,0.03,,,,,,,,,,,,,,,,,,,,,,,,,,,,,,,,,,,,,,,,,0.05,,,,,,,,,,,,,,,,,,,,,,,,,0.07,,,
朝阳市,0.2,0.2,0.44,,4.98,,0.47,0.37,,,,,,,,,,,,,,,,,,,,,,,,0.13,0.67,0.58,,,0.11,0.14,5.82,,0.06,,,0.05,,,,,,,,,,0.06,,,17.59,0.86,0.05,,,0.04,0.36,0.36,0.03,3.17,2.09,0.65,0.59,0.45,0.67,4.41,1.2,4.56,0.53,2.13,0.46,,8.48,0.17,0.23,0.22,0.18,0.1,0.1,0.09,0.08,0.2,0.17,0.17,0.12,,,0.31,0.26,0.05,0.09,0.22,0.39,0.21,,,,,,,,,,,,,,,,,,,,,,,,,,,,,,,,,,,,,,,,,,,,,,,,,,,,,,,,,,,,,,,,,,,,,,,,,,,,,0.04,,,,,,,,,,,,,,,,,,,,,,,,0.03,,,,,,,,,,,,,,,,,,,,,,,,,,,,,,,,,,,,,,,,,,,,,,,,,,,,,,,,,,,,,,,,,,,,,,,,,,,,,,,,,,,,,,,,,,,,,,,,,,,,,,,,,,,,,,,,,,,,,,,,,,,,,0.04,,,,,,,,,,,,,,,,,,,,,,,,,,,,,,,,,,,,,,,0.07,,,
葫芦岛市,0.47,1.07,1.45,0.15,0.51,,2.21,3.12,,,,,,,0.52,,0.2,,,,,,,,,,,,,,,0.26,1.69,16.35,0.22,0.18,0.35,0.21,0.32,0.44,0.27,0.22,0.04,0.09,0.16,,0.11,0.06,,,0.08,0.07,,0.08,,,0.57,0.78,0.14,0.86,0.05,0.03,0.18,0.1,,3.24,2.4,1.49,1.05,0.83,1.61,15.39,2.19,1.46,0.93,2.42,0.92,8.8,,0.98,1.0,0.48,0.64,0.6,1.04,0.71,0.57,0.8,2.0,1.36,1.36,0.35,0.87,1.17,1.71,0.97,1.08,3.01,1.31,1.24,2.18,,,,,,,0.07,0.05,,,,,,,,,,,,,,0.11,,0.09,,,,,,,,,,,,,,,,,,,,,,,,,,,,,,,,,,,,,0.12,0.27,0.09,,0.46,0.16,0.35,0.1,0.13,0.23,0.07,,0.23,0.29,0.12,0.34,,,,,,,,,,0.09,,,,,,,,,,,,,0.1,0.1,,0.08,0.03,,,,,,,,,,,,,,,,,,,,,,,,,0.02,,,0.03,,,,,,,,,,,,0.02,,,,,,,,,,,,,,,,,,,,,,,,,,,,,,,,,,,,,,,,,,,,,,,,,,,,,,,,,,,,,0.09,,,,,,,,,,,,,,,,,,,0.06,,,,,0.05,,,,,,,,,,,,,,,,,,,,,,,,,,,,,,,,,,,,0.07,,,
长春市,0.38,0.34,0.25,,1.28,4.69,,6.0,0.1,0.14,0.23,,,,0.28,,,,,,1.52,,,,,,,,,,0.2,0.12,0.25,0.92,,0.12,0.09,,0.15,0.25,0.12,0.14,0.05,,0.14,,,0.05,0.05,,,,,0.07,,0.01,0.55,3.18,,1.28,0.03,0.03,4.05,0.14,,2.27,1.92,0.61,0.52,0.48,0.86,0.61,1.2,0.44,0.54,0.7,2.03,0.5,0.78,,45.96,55.0,18.49,14.99,24.13,49.81,23.85,22.53,6.59,1.57,0.84,1.06,0.48,2.77,1.71,0.71,0.72,2.91,1.93,1.67,,0.05,0.05,,,,0.1,0.05,0.05,,,0.04,0.08,,,,0.17,,,,0.43,,,,,,0.05,,,,,0.1,,0.05,,,,,0.04,0.12,,,0.06,,,0.13,,,,,,,,,,,,,,,,0.11,0.17,,,,0.15,0.12,0.12,0.08,0.4,0.04,0.03,0.13,0.15,0.1,0.06,,,,,0.1,,,,,,,,,,,,,,0.4,,,,0.03,,,,,0.02,0.02,,,0.05,0.4,,,,,,,,,,,,,,,,,,0.04,,,,,,,,,,,,,,,,,,0.03,,,,0.09,0.04,,,,,,,,,,0.4,,0.4,,,,,,,,,,,,,,,,,,,,,,,,,,,,0.4,0.4,0.4,,,,,,,0.02,0.05,,,,0.09,,,,,,,,,,,,0.05,,,,,,,,,,0.04,0.05,,,,,,,0.02,,,,,,,,,,,,,,0.03,,,,,,0.4,,,0.2,0.4,0.06,,0.4,0.4,0.4,,0.4,0.4,0.4
吉林市,0.18,0.15,,,0.23,1.68,,1.83,,,,,,,,,,,,,0.35,,,,,,,,,,,,0.11,0.22,,,,,0.05,,0.04,,,,,,,,,,,,,,,,0.12,0.56,,0.32,,0.03,0.39,,,0.63,0.63,0.21,0.82,0.35,0.74,0.36,0.47,0.11,0.19,0.54,0.41,,0.28,15.24,,1.62,3.82,9.62,4.11,1.54,1.82,17.02,2.25,0.22,0.58,0.08,0.53,0.18,0.19,0.17,0.45,2.52,,0.21,,,,,,,,,,,,,,,,,,,,,,,,,,,,,,,,,,,,,,,,,,,,,,,,,,,,,,,,,,,,,,,0.14,,,,,0.08,,,0.12,0.03,0.06,,,,,,,,,,,,,,,,,,,,,,,,,,,0.03,,,,,,,,,,,,,,,,,,,,,,,,,,,,,,,,,,,,,,,,,,,,,,,,,,,,,,,,,,,,,,,,,,,,,,,,,,,,,,,,,,,,,,,,,,,,,,,,,,,,,,,,,,,,,,,,,,,,,,,,,,,,,,,,,,,,,,,,,,,,,,,,,,,,,,,,,,0.11,,,,,,,,,,,,,,
四平市,,,,,1.17,5.18,,1.53,,,,,,,,,,,,,,,,,,,,,,,,,,0.34,,,,,,,,,,,,,,,,,,,,,,,0.23,5.47,,0.51,,0.03,0.51,0.1,,0.94,0.74,0.12,0.21,0.22,0.18,0.3,0.87,0.56,0.14,0.38,11.47,0.12,0.3,28.3,2.98,,13.36,1.3,0.41,7.17,1.95,2.15,1.17,0.67,0.45,0.35,0.24,0.59,0.13,0.2,0.27,1.91,,0.63,,,,,,,,,,,,,,,,,,,,,,,,,,,,,,,,,,,,,,,,,,,,,,,,,,,,,,,,,,,,,,,,,,,,0.07,,,,0.05,,,0.05,,,,,,,,,,,,,,,,,,,,,,,,,,,,,0.03,,,,,0.05,,,,,,,,,,,,,,,,,,,,,,,,,,,,,,,,,,,,,,,,,,,,,,,,,,,,,,,,,,,,,,,,,,,,,,,,,,,,,,,,,,,,,,,,,,,,,,,,,,,,,,,,,,,,,,,,,,,,,,,,,,,,,,,,,,,,,,,,,,,,,,,,,,,,,,,,,,,,,,,
辽源市,,,,,,2.21,,0.14,,,,,,,,,,,,,,,,,,,,,,,,,,0.06,,,,,,,,,,,,,,,,,,,,,,,,0.07,,,,,,,,0.32,0.22,0.21,3.6,0.07,0.46,0.09,0.18,,0.1,0.08,2.94,0.08,0.07,2.26,1.2,3.41,,17.57,1.25,0.29,,1.1,,0.11,0.06,,0.04,,,,,0.16,0.17,,,,,,,,,,,,,,,,,,,,,,,,,,,,,,,,,,,,,,,,,,,,,,,,,,,,,,,,,,,,,,,,,,,,,,,,,,,,,,,,,,,,,,,,,,,,,,,,,,,,,,,,,,,,,,,,,,,,,,,,,,,,,,,,,,,,,,,,,,,,,,,,,,,,,,,,,,,,,,,,,,,,,,,,,,,,,,,,,,,,,,,,,,,,,,,,,,,,,,,,,,,,,,,,,,,,,,,,,,,,,,,,,,,,,,,,,,,,,,,,,,,,,,,,,,,,,,,,,,,,,,,,,,,,,
通化市,,,,,,1.45,,0.16,,,,,,,,,,,,,,,,,,,,,,,,,,,,,,,,,,,,,,,,,,,,,,,,0.05,0.06,0.06,0.02,,,,,,,0.49,0.28,0.12,2.14,1.01,0.95,0.17,0.28,,0.12,0.07,0.16,,0.09,1.96,4.35,0.48,21.42,,19.29,0.13,0.29,1.35,,,,,0.09,,,,,0.35,,0.07,,,,,,,,,,,,,,,,,,,,,,,,,,,,,,,,,,,,,,,,,,,,,,,,,,,,,,,,,,,,,,,,,,,,,,,,,,,,,,,,,,,,,,,,,,,,,,,,,,,,,,,,,,,,,0.02,,,,,,,,,,,,,,,,,,,,,,,,,,,,,,,,,,,,,,,,,,,,,,,,,,,,,,,,,,,,,,,,,,,,,,,,,,,,,,,,,,,,,,,,,,,,,,,,,,,,,,,,,,,,,,,,,,,,,,,,,,,,,,,,,,,,,,,,,,,,,,,,,,,,,,,,,,,,,,,
白山市,,,,,,0.34,,,,,,,,,,,,,,,,,,,,,,,,,,,,,,,,,,,,,,,,,,,,,,,,,,,0.05,,,,,,0.15,,,0.17,0.14,0.03,0.06,0.12,0.16,,0.18,,0.06,,0.04,,,1.23,0.91,0.1,0.37,5.85,,0.04,,5.95,,,,,,,,0.05,,0.32,,,,,,,,,,,,,,,,,,,,,,,,,,,,,,,,,,,,,,,,,,,,,,,,,,,,,,,,,,,,,,,,,0.07,,,,,,,,,,,,,,,,,,,,,,,,,,,,,,,,,,,,,,,,,,,,,,,,,,,,,,,,,,,,,,,,,,,,,,,,,,,,,,,,,,,,,,,,,,,,,,,,,,,,,,,,,,,,,,,,,,,,,,,,,,,,,,,,,,,,,,,,,,,,,,,,,,,,,,,,,,,,,,,,,,,,,,,,,,,,,,,,,,,,,,,,,,,,,,,,,,,,,,,,,,,,,
松原市,,,,,0.99,1.27,,3.2,,,,,,,,,,,,,,,,,,,,,,,,,,0.18,,,,,0.05,,,,,,,,,,,,,,,,,,0.38,3.73,,0.99,,,1.17,0.07,,0.38,0.7,0.17,0.15,0.1,0.11,0.43,0.38,0.44,0.09,0.5,0.42,0.14,0.31,16.26,2.29,4.9,0.53,0.39,0.88,,18.35,1.65,1.62,1.36,0.06,0.62,0.19,6.74,0.33,0.08,0.09,0.42,0.34,1.23,0.31,,,,,,,,,,,,,,,,,,,,,,,,,,,,,,,,,,,,,,,,,,,,,,,,,,,,,,,,,,,,,,,,,,,,,,,,,,,,,,,,,,,,,,,,,,,,,,,,,,,,,0.19,,,,,,,0.05,,,,,,,,,,,,,,,,,,,,,,,,,,,,,,,,,,,,,,,,,,,,,,,,,,,,,,,,,,,,,,,,,,,,,,,,,,,,,,,,,,,,,,,,,,,,,,,,,,,,,,,,,,,,,,,,,,,,,,,,,,,,,,,,,,,,,,,,,,,,,,,,,,,,,,,,,,,,,,,
白城市,,,,,2.58,0.77,,1.3,,,,,,,,,,,,,,,,,,,,,,,,,,,,,,,,,0.03,,,,,,,,,,,,,,,,0.3,1.79,,2.22,,,21.26,0.03,,0.31,0.23,0.17,,0.07,0.09,0.3,0.24,0.3,0.05,0.12,0.3,0.04,0.1,3.1,0.9,0.67,0.13,0.32,0.62,11.15,,0.45,0.25,2.71,,,,1.13,,,,0.29,0.39,0.27,0.62,,,,,,,,,,,,,,,,,,,,,,,,,,,,,,,,,,,,,,,,,,,,,,,,,,,,,,,,,,,,,,,,,,,,,,,,,,,,,,,,,,,,,,,,,,,,,,,,,,,,,,,,,,,,0.05,,,,,,,,,,,,,,,,,,,,,,,,,,,,,,,,,,,,,,,,,,,,,,,,,,,,,,,,,,,,,,,,,,,,,,,,,,,,,,,,,,,,,,,,,,,,,,,,,,,,,,,,,,,,,,,,,,,,,,,,,,,,,,,,,,,,,,,,,,,,,,,,,,,,,,,,,,,,,,,
延边朝鲜族自治州,,,,,,0.75,,1.06,,,,,,,,,,,,,,,,,,,,,,,,,,,,,,,0.05,,,,,,,,,,,,,,,,,,,,,,,,0.12,,,0.22,0.36,0.1,0.18,0.12,1.47,,0.13,0.18,0.06,0.17,0.11,0.07,0.07,1.85,3.98,0.26,0.4,0.56,6.15,0.32,0.23,,0.29,0.15,0.38,,0.14,0.39,,0.2,0.18,5.17,0.22,0.15,,,,,,,,,,,,,,,,,,,,,,,,,,,,,,,,,,,,,,,,,,,,,,,,,,,,,,,,,,,,,,,,,,,,,,,0.1,,,,,,,,,,,,,,,,,,,,,,,,,,,,,,,,,,,,,,,,,,,,,,,,,,,,,,,,,,,,,,,,,,,,,,,,,,,,,,,,,,,,,,,,,,,,,,,,,,,,,,,,,,,,,,,0.13,,,,,,,,,,,,,,,,,,,,,,,0.04,,,,,,,,,,,,,,,,,,,,,,,,,,,,,,,,,,,,,,,,,,,,,,,,,,,,,,,,,,,,,,,
哈尔滨市,0.42,0.28,0.14,,0.8,1.89,5.58,,0.1,,,,,,0.23,,,,,,1.89,,,,,,,,,,,,0.06,0.42,,,,0.03,0.11,0.19,0.09,,,0.04,,0.11,,,0.05,,,,,0.04,,0.01,0.3,0.46,0.05,5.54,0.1,0.02,0.72,0.32,,0.72,0.89,0.25,0.12,0.1,0.39,0.52,1.04,0.14,0.13,0.41,0.45,0.22,0.46,3.4,2.47,0.61,0.18,0.49,0.57,2.4,0.46,1.5,,18.88,23.57,18.88,23.82,19.21,32.2,28.39,37.31,26.44,32.64,36.37,28.03,,,,,,,,,,,,,,0.05,,,,,,,,,,,,,,,,,,,,,,,0.04,,,,0.14,,,,,,,,,,,,,,,,,,,,0.08,0.2,,,,0.35,0.12,,,0.61,0.03,,,0.08,,,,,,,,,,,,,,,,,,,,,,0.04,,,,,,,0.03,,0.02,0.06,,,,,,,,,,,,,,,,,,,,0.05,,,,,,,,,,,,0.02,,,0.02,,,0.04,,,,,0.09,,,,,,,,,,0.06,,,,,,,,,,,,,,,,,,,,,,,,,,,,,,,,,,,,,,,,,,,,,1.09,,,,,,,,,,,,,,,,,,,,,,,0.02,0.05,,,0.05,,,,,,,,,,,,,0.04,,,0.03,,,,,,,,,,,,0.06,,,,,0.07,,,
齐齐哈尔市,,,,,2.54,0.45,1.0,,,,,,,,,,,,,,,,,,,,,,,,,,,0.16,,,,,,,,,,,,,,,,,,,,,,,0.09,0.13,,18.78,,0.03,8.92,0.18,,0.09,0.42,0.09,,,0.09,0.16,0.28,,0.02,0.07,0.16,,,0.18,0.19,0.16,0.05,0.39,0.15,0.38,2.42,0.15,3.85,,,0.26,0.14,6.61,0.79,0.28,0.09,0.42,13.33,3.68,10.28,,,,,,,,,,,,,,,,,,,,,,,,,,,,,,,,,,,,,,,,,,,,,,,,,,,,,,,,,,,,,,,,,,,,,,,,0.03,,,,,,,,,,,,,,,,,,,,,,,,,,,0.03,,,,,,0.02,,,,,,,,,,,,,,,,,,,,,,,,,,,,,,,,,,,,,,,,,,,,,,,,,,,,,,,,,,,,,,,,,,,,,,,,,,,,,,,,,,,,,,,,,,,,,,,,,,,,,,,,,,,,,,,,,,,,,,,,,,,,,,,,,,,,,,,,,,,,,,,,,,,,,,,,0.04,,,0.14,,,,,,,
鸡西市,,,,,,,0.11,,,,,,,,,,,,,,,,,,,,,,,,,,,,,,,,,,,,,,,,,,,,,,,,,0.01,,,,,,,0.06,0.03,,,,,,,,,,,,0.05,,,,0.05,0.07,,,,,,0.08,0.25,1.36,0.14,,0.26,3.4,0.26,0.13,1.03,3.17,5.21,,0.58,,,,,,,,,,,,,,,,,,,,,,,,,,,,,,,,,,,,,,,,,,,,,,,,,,,,,,,,,,,,,,,0.1,,,,,,,,0.25,,,,,,,,,,,,,,,,,,,,,,,,,,,,,,,,,,,,,,,,,,,,,,,,,,,,,,,,,,,,,,,,,,,,,,,,,,,,,,,,,,,,,,,,,,,,,,,,,,,,,,,,,,,,,,,,,,,,,,,,,,,,,,,,,,,,,,,,,,,,,,,,,,,,,,,,,,,,,,,,,,,,,,,,,,,,,,,,,,,,,,,,,,,,,,,,,,,,,
鹤岗市,,,,,,,,,,,,,,,,,,,,,,,,,,,,,,,,,,,,,,,,,,,,,,,,0.02,,,,,,,,,,,,,,,,,,,,,,,,,,,,,,,,,,,,,,0.04,,,0.66,0.2,0.32,,0.68,0.47,1.78,9.94,1.26,0.25,0.45,0.29,,,,,,,,,,,,,,,,,,,,,,,,,,,,,,,,,,,,,,,,,,,,,,,,,,,,,,,,,,,,,,,,,,,,,,,,,,,,,,,,,,,,,,,,,,,,,,,,,,,,,,,,,,,,,,,,,,,,,,,,,,,,,,,,,,,,,,,,,,,,,,,,,,,,,,,,,,,,,,,,,,,,,,,,,,,,,,,,,,,,,,,,,,,,,,,,,,,,,,,,,,,,,,,,,,,,,,,,,,,,,,,,,,,,,,,,,,,,,,,,,,,,,,,,,,,,,,,,,,,,,,,,,,,,
双鸭山市,,,,,,,,,,,,,,,,,,,,,,,,,,,,,,,,,,,,,,,,,,,,,,,,,,,,,,,,,,,,,,,,,,,,,,0.02,,,0.04,,,,,,,0.04,,,,0.08,,,,,1.59,0.18,4.08,1.32,,0.14,,19.71,3.35,0.38,0.17,1.01,,,,,,,,,,,,,,,,,,,,,,,,,,,,,,,,,,,,,,,,,,,,,,,,,,,,,,,,,,,,,,,,,,,,,,,0.25,,,,,,,,,,,,,,,,,,,,,,,,,,,,,,,,,,,,,,,,,,,,,,,,,,,,,,,,,,,,,,,,,,,,,,,,,,,,,,,,,,,,,,,,,,,,,,,,,,,,,,,,,,,,,,,,,,,,,,,,,,,,,,,,,,,,,,,,,,,,,,,,,,,,,,,,,,,,,,,,,,,,,,,,,,,,,,,,,,,,,,,,,,,,,,,,,,,,,
大庆市,,,,,0.25,0.5,1.48,,,,,,,,,,,,,,,,,,,,,,,,,,,,,,,,,,,,,,,,,,,,,,,,,,,0.09,,2.22,,0.02,0.24,,,0.16,0.26,0.07,0.04,0.07,0.09,0.18,0.1,0.09,0.07,0.27,0.07,,0.19,0.34,0.16,0.12,,,0.31,2.06,1.21,,3.62,6.13,0.32,0.53,0.19,,0.66,0.83,0.72,0.55,1.93,13.69,3.42,,,,,,,,,,,,,,,,,,,,,,,,,,,,,,,,,,,,,,,,,,,,,,,,,,,,,,,,,,,,,,,,,,,,,,0.14,,,,,,,,,,,,,,,,,,,,,,,,,,,,,,,,,,,,,,,,,,,,,,,,,,,,,,,,,,,,,,,,,,,,,,,,,,,,,,,,,,,,,,,,,,,,,,,,,,,,,,,,,,,,,,,,,,,,,,,,,,,,,,,,,,,,,,,,,,,,,,,,,,,,,,,,,,,,,,,,,,,,,,,,,,,,,,,,,,,,,,,,,,,,,,,,,,,,,
伊春市,,,,,,,,,,,,,,,,,,,,,,,,,,,,,,,,,,,,,,,,,,,,,,,,,,,,,,,,,,,,,,,0.06,,,,,,,,,,,,,,,,,,,,,,,,,,0.86,0.12,0.19,2.65,0.04,0.16,,1.4,0.09,,0.39,1.38,0.62,,,,,,,,,,,,,,,,,,,,,,,,,,,,,,,,,,,,,,,,,,,,,,,,,,,,,,,,,,,,,,,,,,,,,,,,,,,,,,,,,,,,,,,,,,,,,,,,,,,,,,,,,,,,,,,,,,,,,,,,,,,,,,,,,,,,,,,,,,,,,,,,,,,,,,,,,,,,,,,,,,,,,,,,,,,,,,,,,,,,,,,,,,,,,,,,,,,,,,,,,,,,,,,,,,,,,,,,,,,,,,,,,,,,,,,,,,,,,,,,,,,,,,,,,,,,,,,,,,,,,,,,,,,
佳木斯市,,,,,,0.3,0.48,,,,,,,,,,,,,,0.22,,,,,,,,,,,,,0.12,,,,,,,0.04,,,,,,,,,,,,,,,,,,,,,,0.15,,,0.07,0.33,,0.04,0.1,0.07,0.07,0.08,0.07,,0.2,0.03,,,0.35,0.15,0.05,,,,0.13,0.04,0.15,6.36,0.73,2.33,43.08,40.54,0.74,6.08,,10.05,1.74,0.68,4.25,0.93,,,,,,,,,,,,,,,,,,,,,,,,,,,,,,,,,,,,,,,,,,,,,,,,,,,,,,,,,,,,,,0.14,,,,0.12,,,,0.19,,,,,,,,,,,,,,,,,,,,,,,,,,,,,,,,,,,,,,,,,,,,,,,,,,,,,,,,,,,,,,,,,,,,,,,,,,,,,,,,0.04,,,,,,,,,,,,,,,,,,,,,,,,,,,,,,,,,,,,,,,,,,,,,,,,,,,,,,,,,,,,,,,,,,,,,,,,,,,,,,,,,,,,,,,,,,,,,,,,,,,,,,,,,,,,,,,,,,,,,
七台河市,,,,,,,,,,,,,,,,,,,,,,,,,,,,,,,,,,,,,,,,,,,,,,,,,,,,,,,,,,,,,,,,,,,,,,,,,,,,,,,,,,,,,,,,,1.13,0.11,2.65,1.68,2.33,0.16,,3.16,,1.58,,0.13,,,,,,,,,,,,,,,,,,,,,,,,,,,,,,,,,,,,,,,,,,,,,,,,,,,,,,,,,,,,,,,,,,,,,,,,,,,,,,,,,,,,,,,,,,,,,,,,,,,,,,,,,,,,,,,,,,,,,,,,,,,,,,,,,,,,,,,,,,,,,,,,,,,,,,,0.06,,,,,,,,,,,,,,,,,,,,,,,,,,,,,,,,,,,,,,,,,,,,,,,,,,,,,,,,,,,,,,,,,,,,,,,,,,,,,,,,,,,,,,,,,,,,,,,,,,,,,,,,,,,,,,,,,,,,,
牡丹江市,0.16,,,,,0.5,1.8,,,,,,,,,,,,,,,,,,,,,,,,,,,0.09,,,,,,,0.08,,,,,,,,,,,,,,,0.01,,,,0.12,,,,,0.03,0.12,0.27,0.07,0.13,0.12,0.63,0.07,0.17,,0.03,0.23,0.07,,0.09,0.49,0.49,0.5,0.59,0.52,0.62,0.4,0.42,6.15,3.18,0.57,27.91,1.06,0.92,0.74,0.59,1.89,10.96,,0.45,0.65,2.49,,,,,,,,,,,,,,,,,,,,,,,,,,,,,,,,,,,,,,,,,,,,,,,,,,,,,,,,,,,,,,,,,,0.07,0.07,,,0.14,,,,,,,,,,,,,,,,,,,,,,,,,,,,,,,,0.08,,,,0.06,,,,,,,,,,,,,,,,,,,,,,,,,,,,,,,,,,,,,,,,,,,,,,,,,,,,,,,,,,,,,,,,,,,,,,,,,,,,,,,,,,,,,,,,,,,,,,,,,,,,,,,,,,,,,,,,,,,,,,,,,,,,,,,,,,,,,,,,,,,,,,,,,,,,,,,,,,,,,,,,,
黑河市,,,,,0.13,,,,,,,,,,,,,,,,,,,,,,,,,,,,,,,,,,,,,,,,,,,,,,,,,,,,,,,1.41,,,,,,,0.12,,,,,,0.19,,0.05,,,,,,,,,,,0.08,0.08,,1.08,3.64,0.06,0.08,0.04,0.24,0.99,0.2,0.09,0.25,,1.73,12.77,,,,,,,,,,,,,,,,,,,,,,,,,,,,,,,,,,,,,,,,,,,,,,,,,,,,,,,,,,,,,,,,,,,,,,,,,,,,,,,,,,,,,,,,,,,,,,,,,,,,,,,,,,,,,,,,,,,,,,,,,,,,,,,,,,,,,,,,,,,,,,,,0.01,,,,,,,,,,,,,,,,,,,,,,,,,,,,,,,,,,,,,,,,,,,,,,,,,,,,,,,,,,,,,,,,,,,,,,,,,,,,,,,,,,,,,,,,,,,,,,,,,,,,,,,,,,,,,,,,,,,,,,,,,,,
绥化市,,,,,0.17,0.56,0.56,,,,,,,,,,,,,,,,,,,,,,,,,,,,,,,,,,,,,,,,,,,,,,,,,,0.08,0.12,,0.61,0.05,,0.48,0.14,,0.18,0.27,0.06,,,0.11,0.13,0.47,0.09,0.07,0.1,0.09,0.1,0.13,0.22,0.14,0.18,0.05,0.08,,0.41,0.14,0.1,13.23,4.12,1.16,1.15,1.06,25.44,10.64,1.58,0.9,0.77,8.31,,5.6,,,,,,,,,,,,,,,,,,,,,,,,,,,,,,,,,,,,,,,,,,,,,,,,,,,,,,,,,,,,,,,,,,0.06,,,,0.12,,,,,,,,,,,,,,,,,,,,,,,,,,,,,,0.03,,,,,,0.06,,,,,,,,,,,,,,,,,,,,,,,,,,,,,,,,,0.02,,,,,,,,,,,,,,,,,,,,,,,,,,,,,,,,,,,,,,,,,,,,,,,,,,,,,,,,,,,,,,,,,,,,,,,,,,,,,,,,,,,,,,,,,,,,,,,,,,,,,,,,,,,,,,,,,,,,,,,,,,,,,,,,
大兴安岭地区,,,,,0.12,,,,,,,,,,,,,,,,,,,,,,,,,,,,,,,,,,,,,,,,,,,,,,,,,,,,,,,1.48,,,,,,,,,,,,,,,,,,,,,,,,,,,,,0.25,0.17,,,0.04,0.08,,0.37,,0.06,1.42,0.17,,,,,,,,,,,,,,,,,,,,,,,,,,,,,,,,,,,,,,,,,,,,,,,,,,,,,,,,,,,,,,,,,,,,,,,,,,,,,,,,,,,,,,,,,,,,,,,,,,,,,,,,,,,,,,,,,,,,,,,,,,,,,,,,,,,,,,,,,,,,,,,,,,,,,,,,,,,,,,,,,,,,,,,,,,,,,,,,,,,,,,,,,,,,,,,,,,,,,,,,,,,,,,,,,,,,,,,,,,,,,,,,,,,,,,,,,,,,,,,,,,,,,,,,,,,,,,,,,,,,,,,,,,,,
南京市,0.31,0.2,0.42,0.52,0.2,0.64,0.49,0.54,1.9,,1.59,8.86,0.95,0.57,1.39,1.24,0.4,0.29,0.42,0.09,0.52,0.22,0.28,0.16,0.4,0.09,0.71,0.58,0.26,0.34,0.81,0.28,0.24,0.15,0.45,0.34,0.21,0.1,0.09,0.25,0.08,0.4,0.05,0.13,0.14,0.32,0.22,0.13,0.15,0.51,0.08,0.43,0.05,0.15,0.09,0.12,0.06,0.15,,0.12,0.05,0.06,0.09,0.07,0.03,0.18,0.55,0.09,0.09,0.1,0.21,0.14,0.13,0.21,0.09,0.04,0.13,0.12,0.18,0.19,0.23,0.13,0.05,0.36,0.15,0.15,0.06,0.2,0.4,0.27,0.25,0.26,0.19,0.16,0.26,0.08,0.27,0.42,0.39,0.13,0.62,,3.03,5.19,5.94,2.16,6.19,5.2,14.46,5.99,12.76,39.08,5.57,11.73,0.65,0.82,0.64,0.43,0.61,0.4,0.47,0.32,0.88,0.78,0.22,2.26,6.61,4.29,1.95,29.65,3.14,2.85,2.17,1.23,23.42,1.52,3.81,2.62,3.49,2.73,10.93,0.42,0.08,0.61,0.34,0.36,0.11,0.52,0.22,0.46,0.77,0.54,0.21,0.59,0.07,0.63,0.15,0.21,0.5,0.49,0.34,0.24,0.42,0.2,0.96,0.27,0.38,0.55,0.65,0.47,0.59,0.29,0.19,0.81,0.25,0.39,0.2,0.86,0.28,0.67,1.07,0.63,0.44,0.92,0.44,0.51,0.55,0.44,0.49,0.51,0.56,1.15,1.02,0.71,0.64,0.59,0.13,0.18,0.12,0.17,0.07,,0.08,0.03,0.08,0.05,0.13,0.1,,0.59,0.13,0.08,0.17,0.24,0.14,0.21,0.24,0.2,0.1,0.09,0.07,0.08,0.12,0.07,0.05,,0.12,0.07,0.16,0.02,,0.13,0.02,0.03,0.03,0.02,0.04,0.04,0.06,0.02,0.04,,0.08,0.04,0.02,0.09,0.09,0.16,0.04,0.08,,,0.04,,,,0.03,0.02,,0.11,0.59,,0.59,0.13,0.08,0.02,,0.05,0.22,0.19,0.12,0.11,0.1,0.12,0.06,0.15,,0.09,0.12,0.26,0.06,0.04,,0.05,0.11,0.06,,0.06,0.08,0.08,0.59,0.59,0.59,0.15,0.12,0.06,0.15,0.1,0.22,0.05,0.17,0.05,0.2,0.1,0.09,0.07,0.11,,0.05,0.03,,,,,,,0.18,0.06,0.25,0.09,0.24,0.12,0.35,0.07,0.37,0.42,0.17,0.05,0.15,0.21,0.27,0.18,0.18,0.31,0.18,0.27,0.16,0.35,,,0.05,,,,0.04,,,,0.16,0.05,0.11,0.12,0.04,0.5,0.59,,,0.04,0.59,0.13,0.07,0.59,0.59,0.59,0.15,0.59,0.59,0.59
无锡市,0.25,0.15,0.38,0.99,0.18,0.42,0.44,0.59,3.5,,2.72,3.93,0.94,0.56,1.51,2.15,0.13,0.37,0.27,0.06,0.49,0.69,1.1,0.6,0.63,,1.11,0.8,0.17,0.29,0.2,0.16,0.27,0.31,0.35,0.35,0.21,,0.17,0.37,0.12,0.14,0.06,0.08,0.36,0.74,0.33,,0.12,1.67,0.08,0.55,0.04,,0.12,0.03,0.17,0.32,,0.09,,0.04,,0.03,0.06,0.07,0.33,0.13,,0.25,,0.07,0.13,0.11,0.1,0.02,0.13,0.07,0.09,0.14,0.25,0.14,,0.15,0.1,0.2,0.06,0.25,0.47,0.34,,0.17,0.04,0.16,0.19,0.2,0.09,0.32,0.17,0.26,0.31,3.36,,2.68,33.03,16.32,5.09,4.61,5.66,8.11,3.66,3.5,11.9,5.06,0.72,1.05,0.83,1.35,2.8,0.64,0.7,0.41,0.66,1.17,0.59,1.26,1.99,3.44,1.44,1.4,1.14,2.57,1.64,1.07,2.99,2.28,2.49,3.97,3.51,1.47,3.72,0.42,0.1,0.5,0.32,0.36,0.15,0.53,0.07,0.51,0.55,0.3,0.17,0.67,0.16,0.48,0.35,0.17,0.4,0.69,0.27,0.18,0.5,0.27,1.0,0.13,0.28,0.48,0.48,0.28,0.55,0.23,0.09,0.79,0.19,0.81,0.2,1.38,0.15,1.03,1.34,1.05,1.04,0.61,0.7,0.45,0.78,0.93,0.41,1.1,1.12,1.92,2.3,1.87,0.73,0.64,,,,,0.1,0.09,,0.03,0.05,0.02,,,0.08,0.64,0.08,0.09,0.05,0.14,0.18,0.16,0.15,0.2,0.09,0.05,0.07,0.23,0.14,1.34,0.05,0.06,,,,0.04,0.08,,0.02,,,0.05,0.04,0.07,,,,0.02,0.07,0.03,0.03,0.04,0.09,,0.04,,0.06,,,0.02,,0.03,,,0.05,0.09,0.64,3.27,0.64,0.17,0.16,0.1,0.13,0.26,1.46,0.59,0.29,0.63,0.22,1.14,0.53,0.19,0.14,0.52,0.54,1.12,0.14,0.09,,0.07,0.15,0.34,0.22,0.57,0.26,0.39,0.64,0.64,0.64,0.11,0.32,0.03,0.13,0.26,0.03,0.04,0.12,0.11,0.19,0.43,,0.16,0.11,0.17,,,,,,,,,0.14,0.14,0.39,0.18,0.36,0.08,1.87,,0.45,0.16,0.06,,0.2,0.21,0.82,0.18,0.09,0.39,0.13,0.21,0.32,0.56,0.11,0.05,0.05,,,,0.09,,,,0.12,0.12,0.08,0.12,,,0.64,,,,0.64,0.13,,0.64,0.64,0.64,0.07,0.64,0.64,0.64
徐州市,0.3,0.35,0.47,0.51,0.15,0.25,0.11,0.22,0.78,,0.66,3.56,0.29,0.11,6.06,0.64,,,,,,,0.13,,,0.09,0.37,0.21,0.25,0.14,0.47,0.32,0.16,0.07,0.69,0.39,0.22,0.15,0.05,0.28,0.12,0.19,0.09,0.05,0.04,0.56,0.35,0.11,0.14,0.47,0.09,0.22,0.11,0.15,0.05,0.05,0.07,0.07,0.03,,,0.03,,,,0.07,0.17,0.03,0.04,,0.14,0.1,,,,,,0.05,0.13,0.05,,,,,,0.03,,0.15,0.15,0.11,,,,0.18,0.13,0.11,0.09,,0.11,0.08,,2.88,1.13,,1.19,1.3,1.54,4.72,2.24,1.46,1.58,0.6,0.8,12.59,0.24,0.31,0.2,0.24,0.17,0.18,0.36,0.15,0.22,0.32,0.09,0.45,0.41,0.91,0.24,0.27,4.65,0.06,0.17,0.14,0.63,0.21,15.49,0.26,0.42,0.31,0.42,0.21,0.06,0.14,,0.1,,0.07,0.05,0.13,0.14,,,0.14,0.07,0.21,,0.06,,0.1,0.07,0.56,0.79,0.34,9.87,0.25,0.33,0.48,5.77,0.83,0.29,0.42,0.39,6.33,0.43,0.69,0.22,2.01,0.4,0.35,0.31,0.13,0.4,0.21,0.46,0.31,0.51,0.14,0.11,0.31,,1.21,0.08,0.17,0.12,0.66,,,,0.03,0.14,,,,,,,0.1,,0.66,,,0.05,0.07,,0.07,,0.06,0.04,,,,,,,,,,,,,0.04,,0.01,,0.01,,,0.04,,,,0.04,,0.02,,,,,,,,,,,,,,,,0.66,,0.66,0.07,,0.02,,0.03,0.1,0.15,,,0.07,,,,,,,0.19,,0.04,,,,,0.07,,,,0.66,0.66,0.66,0.04,,,,,,0.03,,0.05,0.04,,0.06,0.04,,,,0.03,,,,,,,0.13,0.04,0.16,0.06,0.17,0.04,0.14,0.05,,,0.07,,,0.06,0.12,,0.06,0.16,,0.09,0.04,0.09,0.06,,0.07,,,,,,,0.13,,0.07,0.04,0.09,0.04,0.19,0.66,,,,0.66,0.13,0.36,0.66,0.66,0.66,0.07,0.66,0.66,0.66
常州市,,0.16,0.23,0.49,0.13,0.26,0.25,0.36,1.73,,1.42,3.68,0.59,0.41,0.81,1.29,0.16,0.18,0.17,0.06,0.38,0.27,0.74,0.36,0.54,,0.47,0.45,0.11,0.17,0.27,0.12,0.2,0.16,0.18,0.19,0.17,0.07,,0.25,,0.09,0.06,0.11,0.14,0.37,0.16,0.06,0.05,0.66,0.05,0.32,0.03,0.12,,,0.08,0.15,,0.16,0.09,0.03,,,,0.07,,,0.04,0.1,0.07,0.06,,0.16,0.09,0.04,0.09,,0.07,0.06,0.1,0.06,0.1,0.15,0.2,0.11,0.08,0.1,0.25,0.21,0.12,0.17,0.24,0.22,0.13,0.2,,0.22,0.11,0.06,,3.9,24.16,3.27,,2.62,1.93,4.2,3.92,3.78,3.25,22.06,4.67,4.6,0.45,0.74,0.53,0.56,1.08,0.28,0.41,0.19,0.29,0.59,0.32,1.54,1.54,2.57,1.0,1.52,1.62,4.25,1.29,0.59,1.87,2.66,2.05,3.13,2.47,2.43,6.37,0.29,0.08,0.32,0.3,0.19,0.13,0.32,,0.18,0.43,0.21,0.28,0.48,,0.32,0.09,0.23,0.31,0.34,0.31,0.09,0.21,0.17,0.79,0.05,0.19,0.37,0.37,0.23,0.32,0.13,,0.52,0.11,0.24,0.07,0.47,0.1,0.5,0.54,0.55,0.29,0.45,0.36,0.39,0.28,0.31,0.18,0.55,1.0,1.57,1.45,0.98,0.5,0.45,,0.18,,0.07,,,,,0.05,0.05,,,0.02,0.45,0.05,0.05,0.04,0.09,0.08,0.17,0.1,0.17,0.05,0.07,0.08,0.12,0.06,0.15,,0.11,,,,,,0.04,,,,,0.03,0.01,,,,,,,,0.04,0.03,,0.01,,,0.02,0.01,,0.02,,0.09,0.03,0.09,0.06,0.45,,0.45,0.1,0.44,0.12,0.08,0.12,0.27,0.28,0.15,0.2,0.12,0.38,0.3,0.35,0.09,0.12,0.27,2.69,0.19,0.04,,0.1,0.08,0.23,0.1,0.22,0.15,0.14,0.45,0.45,0.45,0.06,0.12,0.04,0.11,0.45,0.13,0.07,0.18,0.05,0.08,0.29,0.25,0.11,0.05,0.17,,,,,,,,,0.08,,0.08,0.06,0.22,,0.37,,0.54,0.12,0.08,,0.15,0.09,0.4,0.05,0.12,0.1,0.02,0.24,0.15,0.42,,0.05,,,,,,,,,0.04,,0.05,0.02,0.16,,0.45,,,0.12,0.45,0.06,0.07,0.45,0.45,0.45,,0.45,0.45,0.45
苏州市,0.36,0.35,0.74,2.82,0.33,0.92,1.03,1.43,29.06,,11.52,9.13,2.16,1.55,3.47,8.17,0.45,0.81,0.54,0.18,0.4,0.92,1.46,0.92,1.27,,3.38,3.1,0.38,0.63,1.08,0.3,0.27,0.24,1.05,0.81,0.29,0.39,0.44,0.44,0.15,0.36,0.24,0.21,0.42,2.12,2.14,0.2,0.22,4.18,0.29,1.88,0.17,0.09,0.22,,0.25,0.44,,0.45,0.07,0.06,0.06,0.1,,0.16,0.64,0.28,0.24,0.2,0.25,0.21,0.19,0.28,0.2,0.1,0.14,0.34,0.27,0.38,0.66,0.17,0.13,0.28,0.62,0.33,0.36,0.6,1.11,0.43,0.58,0.7,0.63,0.53,1.38,0.31,0.18,1.16,0.62,0.42,0.62,4.72,26.61,7.7,6.96,,14.46,10.45,10.14,13.77,6.11,4.23,9.16,10.08,1.9,3.27,4.37,11.89,12.44,1.97,1.63,1.28,2.46,2.87,1.04,2.76,4.06,4.94,4.4,2.01,3.51,8.61,4.36,3.36,6.36,5.96,7.63,11.17,6.6,5.03,3.12,0.68,0.18,2.08,0.97,0.77,0.22,0.99,0.19,1.34,1.08,0.8,0.78,1.9,0.5,1.41,0.68,1.07,0.87,1.76,1.08,0.25,0.65,0.36,3.74,0.17,0.89,0.59,1.33,0.74,0.59,0.42,0.09,2.16,0.42,1.17,0.34,3.52,0.88,5.31,5.06,6.4,2.63,4.05,3.41,2.83,4.17,2.73,1.74,5.9,3.68,6.88,12.53,3.6,3.13,1.01,0.04,0.12,0.06,,0.21,,,0.06,0.05,0.29,0.13,0.41,0.11,1.01,0.23,0.39,0.23,0.32,0.6,0.59,0.56,0.6,0.24,0.27,0.4,0.59,0.43,0.43,0.09,0.06,0.14,,0.08,0.05,0.04,0.04,0.03,0.04,0.07,0.06,0.07,0.08,0.08,0.05,0.09,0.03,0.1,0.04,0.01,0.11,0.12,0.34,0.05,0.13,0.06,0.02,0.06,0.03,0.05,0.06,0.08,0.09,0.16,0.07,1.01,,1.01,0.22,0.31,0.12,0.26,0.2,1.58,1.01,0.58,0.57,0.43,0.78,0.22,0.63,0.5,1.75,0.36,1.21,0.24,0.09,,0.09,0.18,0.49,0.46,0.66,0.62,0.5,1.01,1.01,1.01,0.19,0.59,0.16,0.46,0.38,0.05,0.08,0.33,0.36,0.39,1.1,0.11,0.19,0.61,0.04,,,,,,,,,0.43,0.52,1.68,0.78,1.66,0.25,2.49,0.07,1.73,0.69,0.31,0.05,0.15,0.68,2.57,0.5,0.62,1.25,0.18,2.49,1.22,1.83,0.3,0.53,0.1,,,,0.04,,,,0.23,0.22,0.14,0.14,0.31,0.5,1.01,,,0.16,1.01,0.19,,1.01,1.01,1.01,0.38,1.01,1.01,1.01
南通市,,0.12,0.22,0.22,,0.37,0.31,0.2,4.56,,1.59,1.71,0.5,0.28,1.36,1.15,0.13,0.17,,,,0.2,0.16,0.15,0.17,,0.35,0.24,,0.09,0.2,0.14,,0.24,0.12,0.2,0.2,0.06,0.07,0.25,0.05,0.1,0.04,,0.04,0.15,,0.05,,0.26,0.06,0.15,,,,0.03,0.05,0.15,,,0.05,,0.09,,,0.05,0.25,0.09,0.09,0.07,0.16,0.1,0.06,0.09,,0.04,0.06,0.12,0.28,0.07,0.13,0.07,0.05,0.15,0.31,0.08,0.31,0.1,0.19,0.1,0.12,,,0.12,0.06,0.08,0.09,,,0.04,,2.23,2.84,1.93,1.59,4.77,,3.03,1.89,9.83,2.35,1.32,10.46,1.67,0.37,0.62,0.8,0.74,0.62,0.46,0.43,0.23,1.55,1.04,0.34,0.41,1.01,2.17,0.67,0.49,0.91,0.96,0.67,0.42,0.89,0.67,2.4,1.03,1.45,0.35,0.4,0.2,0.08,0.33,0.14,0.17,0.05,0.18,0.06,0.41,0.48,0.19,0.06,0.3,0.07,0.26,0.08,0.18,0.11,0.22,0.19,0.14,0.37,0.16,1.78,0.16,0.31,0.48,0.3,0.29,0.4,0.24,0.13,1.33,0.16,0.27,0.18,0.66,0.13,0.27,0.52,0.43,0.31,0.45,0.43,0.38,0.47,0.33,0.22,0.22,0.38,2.85,0.39,0.44,0.29,0.44,0.05,,,0.03,,,,0.03,,0.02,,,,0.44,0.06,0.04,0.04,0.06,,0.11,0.11,0.26,0.06,0.07,0.06,0.19,0.07,0.08,,,,,,,0.03,,0.01,,,0.04,0.03,0.03,,,,,0.03,,,,0.06,,,,,,,0.02,,,,,,,0.44,,0.44,,,0.1,,,0.14,0.11,0.05,,0.08,0.18,,0.09,,,,0.16,0.06,,,0.05,0.04,0.07,0.07,0.11,0.05,0.07,0.44,0.44,0.44,0.07,0.06,,,,0.05,0.03,,0.03,0.04,0.09,,,0.05,0.04,,,,,,,,,,,0.08,0.08,0.24,,0.12,,0.38,0.08,,0.05,,,0.23,0.07,,0.2,,0.07,0.08,0.16,,0.05,,,,,,,,0.06,,,0.04,0.04,,0.19,0.44,,,,0.44,,,0.44,0.44,0.44,,0.44,0.44,0.44
连云港市,,0.18,0.17,0.14,,,0.13,,0.39,,0.4,0.14,,,2.68,0.16,0.13,,,,,,,,,,,,,,,0.13,0.16,0.07,0.15,0.14,,0.06,,0.11,,0.07,,,,0.12,0.27,,,,0.05,0.12,,0.04,,,,,,0.06,,,,0.03,,,0.23,,0.04,0.05,,,,0.04,,,,,0.13,,0.14,0.03,0.02,0.08,,,,0.1,,,,0.08,,0.06,,,,0.09,,,,1.26,0.79,2.57,0.72,0.87,0.88,,4.64,4.76,1.07,0.4,0.54,5.28,0.11,0.48,,0.14,0.08,0.08,,,0.41,0.12,0.07,0.08,0.09,0.13,0.11,0.08,0.1,0.15,,0.08,0.17,0.07,0.14,0.03,,0.06,0.09,,,0.13,,,,0.09,0.08,,,,,,,,,,,,0.05,0.15,1.24,0.31,0.5,0.43,0.48,0.56,0.23,0.16,0.76,6.44,0.06,4.28,0.1,0.15,0.28,0.24,,,,,0.21,0.08,,0.21,0.14,,,0.15,,0.13,,,,,0.09,0.06,,,,,,,,0.02,0.06,,,,,,,,,,,,,,,,,,,,,,,,,,,,,,,,,,,,,,,,,,,,,0.02,,,,,,,,,,,,,,,,,,,,,,,,,,,,,,,,,,,,,,,,,,,,,,,,,,,,,,,,,,,,,,,,,,,,,,,,,,,,,,,,,0.03,,,,,,,,,,,,,,,0.03,,,,,,0.13,,,,,,,,,,,,,,
淮安市,,,,,,,,,0.53,,0.48,0.65,0.2,,0.63,0.16,,,,,,,,,,,,,,,,0.1,,,0.13,0.12,,,,,,,,0.05,,,0.14,,,0.15,,,,,,0.01,,0.07,,,,,,,,,,,,,,,,0.04,,0.02,,,,0.05,0.07,,,,,,,,,,,0.08,,,,,,,,,,3.97,1.21,1.51,1.12,1.1,1.04,5.6,,3.29,5.14,1.05,1.0,12.17,0.15,0.23,0.25,0.18,0.21,0.12,0.18,0.04,0.06,0.22,0.07,0.23,0.23,0.86,0.12,0.29,0.21,0.25,0.13,0.07,2.81,0.07,0.38,0.12,0.13,0.13,0.46,,,0.22,0.06,0.09,,,0.06,,,,0.08,,,0.1,,,,,0.04,0.06,0.29,0.16,0.33,0.27,0.23,0.29,0.15,0.2,0.38,0.29,0.09,0.69,,0.1,0.06,0.15,,0.23,,,0.15,0.17,0.12,,0.19,,,0.08,,0.15,,,,,,0.12,,,,,,,,,,,,,,,,,,,,0.06,0.04,,,,,,,,,,,,,,,,,,,,0.03,,,,0.04,,,,,,,,,,,,,,,,0.02,,,,,,,,,,,,,,,,,,,,0.08,,,,,,,,,,,,,,,,,,0.03,,,,0.04,,,,,,,,,,,,,,,,,,,0.03,,,,,,,,,,,,,0.06,,,,,,,,,,,,,,,0.16,,,,,,,,,,,,,,,,,,,,
盐城市,,0.36,0.2,,,0.22,0.18,0.22,2.13,,0.94,0.33,0.22,0.08,1.1,0.37,0.29,,,,,,,,,,,0.13,,0.08,,0.11,0.23,,0.15,0.25,0.08,,,0.15,0.05,0.09,,0.04,0.04,,,,,0.14,0.04,,,,0.04,,0.15,,,0.12,,0.03,,,,0.04,0.14,0.06,,,0.11,0.11,,0.07,0.02,,,,0.18,0.08,,0.03,,0.08,0.1,0.07,0.08,,0.26,,,,0.04,0.12,0.19,0.05,,0.09,0.05,,,2.97,3.37,1.06,1.75,3.21,9.83,8.78,5.19,,2.74,1.23,13.73,1.91,0.3,0.47,0.29,0.46,0.37,0.25,0.25,0.05,0.29,0.7,0.08,0.2,0.34,0.24,0.13,0.34,0.27,0.2,0.21,0.05,0.38,0.11,0.28,0.15,0.12,0.15,0.2,,0.08,0.16,0.09,0.09,0.03,,,0.12,0.08,0.04,,0.1,,0.1,,,,,0.09,0.12,0.6,0.33,0.33,0.23,0.48,0.71,0.22,0.22,0.83,0.76,0.33,0.87,0.1,0.26,0.3,0.32,,0.22,0.2,0.08,0.4,0.34,0.4,0.38,0.74,0.1,0.15,,0.15,0.34,0.06,0.1,,0.5,0.08,,0.06,0.1,,,0.08,0.03,,0.2,0.33,,,0.5,,,,,,,0.05,,,,,,,,,,,,,0.02,,,,,,,0.01,0.01,,,,,0.04,,,,,,,,,,,,,,,,,,0.5,,0.5,,,,,0.05,0.07,,,,,,,,,,,,,,,,,,,0.06,,,0.5,0.5,0.5,,,,,,0.05,,,,,,,0.03,,0.04,,,,,,,,,,,,,0.04,,,,,0.05,,,,0.05,0.09,0.05,,0.15,0.04,,,,,,,,,,,,0.22,,0.04,0.02,0.02,0.02,,,0.5,,,,0.5,,,0.5,0.5,0.5,,0.5,0.5,0.5
扬州市,,,0.16,0.28,,0.19,0.18,0.1,0.86,,0.54,1.07,,0.12,0.58,0.45,0.11,,,,,,,,,,0.19,0.12,,,,,0.1,,0.3,0.13,,0.05,0.05,,,,0.03,0.04,0.06,0.2,0.2,0.03,,0.33,0.05,0.24,,,,,,,,,,,0.09,0.1,,,0.22,0.05,0.06,0.07,0.09,,,,,0.02,0.04,,0.06,0.09,,,0.05,0.1,,,0.12,0.15,,,,0.08,,0.12,,0.08,,,0.05,,,4.73,1.23,1.42,1.32,1.0,1.73,2.23,7.58,2.44,,5.58,13.62,2.43,0.2,0.28,0.16,0.18,0.24,0.1,0.24,0.06,0.59,0.16,0.08,0.26,0.41,0.81,0.5,0.41,0.22,0.28,0.22,0.19,4.73,0.27,0.49,0.25,0.54,0.18,0.26,,,,,,,0.06,,0.08,0.16,0.16,0.05,0.16,,0.1,,,0.08,,0.12,0.08,0.17,0.12,0.32,0.09,0.18,0.17,0.2,0.23,0.12,0.31,0.26,0.54,,0.16,0.11,0.27,0.09,0.32,0.2,0.15,0.4,0.56,0.47,0.36,0.55,0.1,,0.45,,0.51,0.08,0.16,0.11,,0.02,,0.06,,0.03,,,0.03,0.08,,,,0.02,,,0.04,,,,0.07,,,0.02,,,,,,,,,,,,,,,,,,,,,,,,,,,,,,,0.07,,,,,,,,,,,,,,,,0.05,,,0.07,,,,0.07,,0.06,,,,,,,0.09,,0.05,,0.04,,0.06,,,,,,0.03,0.04,0.03,0.09,,,,0.06,,,,,,,,,,,,,,,,,,,0.03,0.09,0.03,0.12,,0.15,,,,0.1,,0.12,,,0.06,0.04,0.09,,,,,,,,,,,,0.03,,,,,,,,,,,,,0.07,,,,,,,
镇江市,,,,0.18,,,,0.17,0.78,,0.59,1.05,0.22,0.16,0.34,0.37,,0.1,,,,,0.14,0.09,0.19,0.09,0.21,0.13,,,0.15,,,0.19,,,,,,,0.04,,,0.04,,0.16,,,,0.22,,0.16,,,,,,0.18,,0.06,,,,,0.06,,0.09,,0.03,,0.09,,0.06,,,0.02,,,,,,,0.05,,,0.04,0.04,,,,0.19,0.08,0.58,0.12,,0.05,,,,0.05,,17.45,1.69,0.83,15.15,1.1,1.23,1.1,2.59,1.14,6.82,,2.62,1.78,0.16,0.36,0.2,0.29,0.21,0.12,0.2,0.11,0.82,0.21,0.09,0.34,0.86,0.93,0.6,0.75,0.28,0.85,0.35,0.12,1.88,0.44,0.7,0.37,0.71,0.46,0.77,,,0.24,0.14,,,0.1,,0.12,0.19,0.06,0.06,0.25,0.07,0.29,0.04,0.05,0.11,0.09,0.11,,,0.1,0.22,,0.07,,0.16,0.18,,,,0.38,,0.09,0.04,0.18,,0.14,0.29,0.26,0.12,0.17,,0.12,0.23,,0.15,0.34,0.2,0.32,0.2,0.3,0.19,,,0.06,,,,0.09,,,,,,,0.02,,,0.07,,,,0.09,0.09,0.12,0.05,,,0.06,0.07,0.07,,,,0.03,,,,,,,,,,0.01,,0.01,,,,,0.03,,,,,,,,0.01,,,,,,0.02,,,,,,0.09,,,,,0.08,,,0.06,,0.09,0.12,,,,0.24,,,,,,,0.07,,0.06,,,,,0.04,0.04,0.03,0.04,0.18,0.05,,0.09,0.02,,0.07,,,,,,,,,,,,,0.05,,0.09,0.03,0.08,,0.13,,0.13,0.07,,,,,0.11,,,,,0.08,0.08,,0.02,,,,,,,,,,,0.05,,,0.06,,,,,0.08,,,,,,,,,,
泰州市,,,0.15,0.51,,0.19,0.15,0.21,1.3,,0.6,0.49,,0.1,0.56,0.49,0.13,,,,,,,,0.15,,,0.19,,,,,,,0.23,0.08,,,,0.19,,,0.03,0.04,0.04,0.27,0.4,0.02,,0.7,0.02,0.57,,,,,,,,,,0.03,0.09,,,,0.17,,,,0.09,,0.05,0.11,,,,0.04,0.27,0.07,,0.04,,0.08,,0.06,,,0.21,,0.06,0.17,0.04,0.1,,0.28,,,0.11,,,2.3,5.36,0.78,2.69,2.25,9.3,1.24,1.56,14.28,19.68,3.04,,1.07,0.17,0.23,0.17,0.35,0.36,0.12,0.14,0.09,0.88,0.28,0.11,0.24,0.49,0.42,0.3,0.36,0.16,0.26,0.23,0.22,0.54,0.14,0.38,0.23,0.32,0.26,0.43,,0.05,,0.05,,,0.07,,0.1,0.09,0.12,,0.21,0.07,0.18,,,,,0.06,0.09,0.14,0.14,0.31,0.06,0.18,0.26,0.12,0.12,0.27,0.15,0.06,0.37,0.05,0.19,0.07,0.45,0.08,0.37,0.39,0.19,0.73,0.59,0.39,0.41,0.64,0.14,,0.24,0.17,0.37,0.12,0.16,0.09,0.38,0.05,,,0.03,,,0.04,0.03,,0.02,0.19,,,0.38,,,,,,0.07,0.08,,,,,,,0.08,,,,,,,,,,,,,,0.02,,,,,,,,,,,,,,,0.02,,,,,,,,0.38,,0.38,,,,,,0.07,0.12,,,,,,,,,,,,,,0.05,,0.06,,,,0.07,0.38,0.38,0.38,0.04,0.03,,0.09,0.07,0.03,,,0.02,0.05,,,0.05,0.07,,,,,,,,,,,0.06,,,0.08,,,,0.13,,0.04,0.02,0.05,0.05,0.07,,0.12,0.16,,0.09,,0.09,0.11,,,,,,0.04,,,0.03,0.04,0.05,,0.02,,,0.38,,,,0.38,,,0.38,0.38,0.38,,0.38,0.38,0.38
宿迁市,,0.13,0.15,0.14,,,,,0.74,,0.69,0.76,,,1.14,0.31,,,,,,,,,,,,,,,,0.11,,,0.21,0.14,,0.11,,,,0.07,,,,0.07,,,,0.21,,0.1,,,,,,0.04,,,,,0.06,,,,,0.05,,,,,,,,,0.03,,,,,0.05,,,,,,0.05,,0.07,,,0.04,,,,,0.09,,,,3.67,1.3,9.53,1.41,1.43,0.96,7.53,13.96,1.35,1.79,1.1,0.81,,0.3,0.29,0.22,0.27,0.45,0.15,0.21,0.11,0.18,0.22,0.06,0.21,0.2,1.02,0.12,0.38,0.39,0.2,0.12,0.08,1.18,0.09,1.86,0.11,0.14,0.16,0.2,,,,,,,0.09,,,,0.04,,,,0.17,,,,,,0.08,0.38,0.17,0.84,,0.18,0.33,0.39,0.32,0.21,0.6,0.06,1.51,0.16,0.14,0.16,0.3,0.11,0.22,0.16,0.12,0.4,0.18,0.23,0.19,0.52,,0.07,0.11,,0.3,0.07,0.11,,0.44,,0.06,,,,,,0.03,,,,,0.02,0.44,,,,,,,,,,0.05,,,,,,,,,,,,,,0.01,,,,,,,,,,,,,,,,,,,,,,,,,,,0.44,,0.44,,,,,,,,,,,,,0.08,,,,,,,,,0.04,0.04,,,,,0.44,0.44,0.44,0.03,,,,,,,0.05,,,,,,,0.04,,0.03,,,,,,,,0.04,,,,,0.14,,,,,0.02,,,,,,,,0.11,,0.06,,,,,,,,,,,,,,,,,0.44,,,,0.44,,,0.44,0.44,0.44,0.07,0.44,0.44,0.44
杭州市,0.44,0.28,0.59,1.22,0.5,1.12,1.04,1.83,4.27,3.99,,7.86,2.39,5.86,1.81,5.11,0.43,1.69,0.75,0.48,1.05,2.38,1.3,1.96,1.54,0.09,1.62,1.68,0.63,0.3,1.68,0.51,0.33,0.37,0.31,0.45,0.36,0.24,0.48,0.46,0.1,0.6,0.39,0.23,0.92,0.53,0.42,0.18,0.26,1.08,0.35,0.67,0.33,0.19,0.24,0.07,0.36,0.53,0.05,0.83,0.03,0.11,0.18,0.14,0.06,0.31,0.67,0.2,0.42,0.35,0.25,0.18,0.27,0.04,0.14,0.11,0.35,0.25,0.43,0.46,0.62,0.19,0.24,0.41,0.88,0.15,0.21,0.3,1.27,0.63,1.03,0.88,0.58,0.84,0.92,1.46,0.9,1.23,0.51,0.37,2.18,1.38,1.6,1.46,1.41,2.01,2.11,1.73,1.28,1.4,1.26,0.95,1.1,2.23,,12.2,11.49,34.82,36.78,43.58,20.4,29.56,7.34,12.24,14.24,1.66,2.76,4.07,2.17,1.36,3.29,3.21,7.73,24.62,1.83,7.9,3.77,4.89,5.02,6.75,9.0,0.63,0.39,0.57,1.19,0.89,0.34,2.32,0.36,1.52,2.17,4.78,1.2,4.3,1.89,3.97,1.28,1.89,1.82,3.71,11.01,0.26,0.5,0.18,1.15,0.1,0.65,0.54,0.68,0.35,0.51,0.2,0.19,1.22,0.46,0.48,0.27,1.52,0.46,1.37,1.42,2.09,0.9,0.91,0.89,0.7,0.93,1.02,1.04,1.69,5.78,3.09,11.77,3.29,2.51,0.92,0.04,0.12,0.12,0.1,0.25,0.19,0.12,0.03,0.05,0.11,0.13,,0.11,0.92,0.35,0.43,0.24,0.53,0.69,0.62,0.59,0.62,0.25,0.4,0.78,3.32,0.69,3.12,0.15,0.09,0.15,0.07,0.12,0.05,0.07,0.14,0.03,0.01,0.04,0.07,0.1,0.15,0.06,0.07,0.12,0.06,0.1,0.08,0.09,0.34,0.37,0.71,0.06,0.34,0.19,0.06,0.07,0.08,0.12,0.18,0.41,0.48,0.12,0.12,0.92,,0.92,0.29,0.69,0.2,0.42,0.32,0.82,0.79,0.34,0.46,0.4,0.55,0.17,0.84,0.41,1.78,0.09,0.62,0.17,,,0.22,0.34,1.02,1.04,1.1,1.09,0.99,0.92,0.92,0.92,0.24,0.47,0.09,0.34,0.7,0.17,0.13,0.12,0.19,0.31,2.08,0.41,0.15,0.27,,,0.03,,,,,,,0.29,0.18,0.48,0.23,0.68,0.19,1.43,,1.35,0.41,0.27,0.29,0.4,0.47,0.94,0.35,0.46,0.35,0.45,0.48,0.85,1.93,0.1,,0.1,,0.05,0.06,0.04,,,0.06,0.07,0.17,0.05,0.12,0.14,0.83,0.92,,,0.2,0.92,0.06,0.21,0.92,0.92,0.92,0.38,0.92,0.92,0.92
宁波市,,0.28,0.27,0.35,0.15,0.45,0.72,0.84,2.44,2.58,,5.59,1.29,3.73,1.34,3.36,0.14,1.61,0.4,0.23,0.62,1.32,2.19,3.94,1.27,,1.51,0.6,0.17,0.14,0.51,0.18,0.16,0.13,0.19,0.26,0.17,0.1,0.36,0.27,0.04,0.09,0.09,,0.06,0.28,0.44,0.03,0.08,0.36,0.06,0.14,0.05,0.08,0.04,0.01,0.08,0.27,,,,,0.06,,0.16,0.13,0.19,0.13,0.16,0.22,0.18,0.09,0.05,0.07,0.09,0.04,0.14,,0.12,0.17,0.41,0.2,0.45,0.52,,0.16,0.25,0.55,0.46,0.5,0.25,0.08,0.24,0.37,1.32,0.31,0.09,0.29,0.28,0.39,,0.53,0.92,1.25,0.9,1.4,1.26,2.8,0.69,0.72,0.61,0.6,0.55,0.86,5.2,,4.58,3.31,2.1,13.58,5.67,3.68,33.53,17.54,4.11,1.05,1.6,4.53,2.06,0.77,3.93,1.02,3.27,3.87,2.23,6.06,4.46,1.67,5.88,2.09,1.62,0.53,0.2,0.44,0.4,0.36,0.2,1.03,0.17,1.04,1.39,3.1,0.69,2.48,0.7,1.85,0.72,1.78,1.04,1.82,7.44,0.2,0.31,0.05,0.61,,0.22,0.25,0.95,0.4,0.19,0.06,0.23,1.37,0.19,0.2,0.05,0.97,0.23,1.3,0.75,1.25,0.66,0.61,0.59,0.47,0.74,1.14,0.58,0.95,1.83,5.06,2.25,3.12,1.88,0.43,,0.06,,0.03,0.18,,,,0.05,,,,,0.43,0.18,0.52,0.19,0.37,0.51,0.38,0.38,2.08,0.37,0.2,0.57,1.19,0.32,7.26,0.06,0.05,0.08,0.03,0.14,,0.03,,0.03,0.02,,0.09,0.07,0.03,0.04,,0.08,0.02,0.11,0.08,,0.12,0.26,0.37,0.05,,0.04,0.01,0.03,0.03,0.05,0.04,0.3,0.14,0.23,0.1,0.43,,0.43,0.22,0.73,0.15,1.47,0.36,1.67,2.28,0.58,0.37,0.8,1.38,0.25,2.27,0.2,0.8,0.4,3.07,0.57,0.04,,0.11,0.88,0.76,2.09,1.94,2.75,1.76,0.43,0.43,0.43,0.15,0.6,0.1,0.12,1.03,0.06,0.16,0.17,0.11,0.25,0.28,0.16,0.4,0.55,0.08,,,,,,,,,0.16,,0.39,0.2,0.46,0.07,0.84,,3.07,0.36,0.13,0.05,0.1,0.17,0.3,0.16,,0.16,0.04,0.37,0.3,0.48,0.03,0.1,,,0.05,,0.04,,,,,0.05,0.05,0.09,0.04,0.25,0.43,,,0.2,0.43,,0.21,0.43,0.43,0.43,,0.43,0.43,0.43
温州市,,,0.18,0.19,,0.24,0.35,0.28,0.86,1.11,,4.39,5.04,8.74,0.41,2.48,0.26,2.87,0.56,0.33,0.45,5.36,2.36,6.31,1.32,0.18,1.07,0.31,0.09,,0.33,0.17,0.09,0.09,0.18,0.11,0.11,,,0.15,0.05,0.08,0.03,,0.1,0.08,0.24,0.09,,0.18,,0.17,0.03,,0.05,0.01,,0.07,,0.09,,0.05,,0.1,,0.04,0.1,0.03,0.04,0.05,0.18,0.06,,0.16,0.05,,0.1,,0.13,0.09,0.14,0.12,0.4,0.13,,0.08,0.16,0.15,0.15,0.11,,,0.24,,0.13,0.08,0.81,0.19,0.11,0.12,,0.31,0.36,0.91,0.43,0.32,0.48,0.46,0.52,0.46,0.42,0.26,0.22,0.53,2.4,3.44,,0.95,0.84,1.43,4.06,4.92,1.87,9.22,20.32,0.56,0.86,4.28,0.91,0.27,0.9,0.77,2.55,3.39,2.12,5.02,3.42,1.75,4.73,3.5,0.91,1.02,0.18,0.62,1.0,1.03,0.45,2.55,1.1,11.97,1.15,7.3,2.94,11.34,7.73,3.3,1.4,3.92,6.14,7.48,11.46,0.08,0.12,,0.23,0.15,0.18,0.13,0.16,0.08,0.25,,0.19,0.24,0.09,0.11,0.05,0.32,0.12,0.44,1.02,1.24,0.18,0.21,0.21,0.17,0.31,0.64,0.79,0.38,1.95,1.17,3.32,3.24,1.85,0.38,0.02,0.18,0.12,0.07,0.07,0.09,,,,0.05,,,0.2,0.38,0.24,2.91,0.43,0.68,1.26,0.71,2.06,3.66,0.34,0.6,0.88,4.72,0.87,4.87,0.09,0.07,0.08,0.05,0.14,0.03,0.04,0.05,0.02,0.02,0.07,0.05,0.06,0.12,0.12,0.06,0.11,0.06,0.08,0.08,0.02,0.15,0.15,0.78,0.03,,0.08,0.06,0.03,0.05,0.08,0.67,0.3,0.1,0.12,,0.38,,0.38,0.29,2.29,0.07,0.73,0.77,0.75,0.52,0.83,0.67,0.38,1.12,0.29,3.3,1.44,1.95,,1.43,0.82,,,0.28,0.64,1.88,7.43,2.97,1.99,4.25,0.38,0.38,0.38,0.1,0.82,0.1,0.02,1.06,0.17,0.09,0.24,0.2,0.19,0.47,0.09,0.14,0.21,0.04,,0.07,,,,,,,0.12,0.12,0.12,0.11,0.42,0.04,1.21,,1.57,0.17,0.11,,0.15,0.08,0.2,0.05,0.06,0.12,,0.14,0.04,0.31,,0.05,,,,0.06,0.04,,,,,0.05,,,0.04,0.16,0.38,,,0.04,0.38,0.13,0.14,0.38,0.38,0.38,,0.38,0.38,0.38
嘉兴市,,0.11,0.29,0.4,0.14,0.27,0.33,0.34,7.99,4.19,,2.89,0.83,1.65,0.92,2.21,0.16,0.71,0.26,0.2,0.25,1.28,1.46,1.1,2.12,0.09,0.53,0.59,0.28,,0.24,0.14,0.1,,0.28,0.21,0.34,0.1,0.11,0.17,,0.27,0.04,0.05,0.14,0.09,0.09,0.03,0.09,0.47,0.05,0.45,,0.07,,,0.05,0.26,,0.25,,,0.06,0.25,,0.04,0.24,0.09,,,0.11,0.05,0.06,,0.09,0.05,0.03,0.1,0.09,0.07,0.24,0.05,0.13,0.17,0.15,0.09,,0.6,0.15,0.17,,,0.09,0.2,0.33,0.25,0.36,0.19,0.05,0.14,,0.4,1.27,0.75,0.85,5.76,1.33,0.8,0.78,1.11,0.68,0.51,1.33,0.93,18.04,4.54,2.79,,12.74,4.28,2.48,2.62,2.23,2.68,1.82,0.7,1.07,2.43,1.45,0.5,0.94,1.55,1.89,2.65,0.86,3.0,1.83,2.06,1.99,2.24,1.97,0.26,0.06,0.21,0.34,0.31,0.18,0.8,0.14,0.54,0.66,1.22,0.46,1.17,0.43,1.13,1.1,0.77,0.57,1.2,2.29,0.08,0.28,0.05,0.93,,0.17,0.19,0.5,0.23,0.08,0.07,0.06,0.93,0.09,0.08,0.09,0.57,0.12,0.71,0.51,0.66,0.4,0.73,0.85,0.27,0.63,0.53,0.47,0.49,1.36,2.03,3.54,1.86,1.47,0.46,0.05,,,,,0.09,,0.06,,0.08,0.13,,0.05,0.46,0.06,0.14,0.12,0.38,0.4,0.51,0.31,0.51,0.16,0.32,0.73,0.68,0.12,0.82,,0.06,0.05,,0.03,,,0.07,0.02,0.01,0.04,0.02,0.03,0.07,,0.03,,,,0.04,0.02,0.09,0.22,0.33,0.05,,0.06,0.04,0.04,0.06,0.03,0.02,0.15,0.18,0.11,0.07,0.46,,0.46,0.1,0.43,,0.58,0.18,0.4,1.0,0.4,0.45,0.14,0.3,0.31,3.34,0.52,0.93,,0.35,1.9,0.04,,0.11,0.19,0.47,0.55,0.43,1.03,0.98,0.46,0.46,0.46,0.08,0.29,0.05,0.1,2.6,0.05,0.05,0.27,0.12,0.22,1.8,0.06,0.27,0.15,,,,,,,,,,0.07,0.04,0.12,0.09,0.25,0.06,0.51,,0.26,0.19,0.06,0.02,,0.09,0.26,,0.12,0.18,,0.32,0.32,0.7,0.22,,,,,,,,,,,0.02,0.02,,,0.11,0.46,,,0.04,0.46,,0.07,0.46,0.46,0.46,,0.46,0.46,0.46
湖州市,,,0.16,0.2,,,0.1,0.16,1.45,2.99,,3.01,0.37,0.58,0.46,1.11,,0.26,,0.06,,0.4,0.37,1.03,1.23,,0.24,0.21,,0.09,,0.13,0.1,,0.18,0.12,0.11,,0.07,,,0.1,,,0.08,0.13,,,0.05,0.24,0.03,0.15,,,0.06,,,,,0.09,,,0.06,0.03,,,,,0.1,0.02,,,,,0.05,,0.07,,,,0.08,,,,,0.04,0.06,0.1,0.09,,0.19,,,0.24,,,0.18,0.09,,,0.31,0.45,1.39,0.56,1.08,3.78,0.74,0.47,0.45,0.66,0.54,0.33,0.68,0.66,12.35,1.65,1.0,8.4,,1.82,1.34,1.51,0.93,1.23,0.76,0.77,1.33,1.01,0.69,0.45,0.8,1.02,4.41,6.35,0.8,2.07,1.01,0.95,1.33,0.98,13.4,0.14,,0.12,0.12,0.16,0.03,0.26,0.08,0.28,0.24,0.74,0.13,0.59,0.24,0.67,0.19,0.38,0.25,0.49,0.63,0.06,0.09,0.09,0.34,,0.06,0.1,0.18,0.06,0.19,,,0.58,0.1,0.1,,0.22,0.11,0.29,0.45,0.37,,0.15,0.31,0.16,0.25,0.27,0.46,0.25,0.67,0.66,2.71,0.65,0.92,,,,,,,,,,,0.08,,,0.05,,0.07,0.06,0.04,0.09,0.23,0.14,0.08,0.2,0.08,0.17,0.08,0.2,0.15,0.27,,0.04,,,,,,,,,,,,0.03,,,,,,0.02,,,0.06,,,0.06,,,0.01,,0.03,,0.05,0.13,,,,,,0.05,0.14,,0.09,0.33,0.35,0.25,0.48,0.05,0.07,0.11,0.04,0.28,0.14,0.26,0.06,0.1,0.08,,,,0.17,0.78,0.24,0.46,0.68,0.67,,,,0.04,0.09,0.04,0.06,0.23,0.03,0.03,0.05,1.19,0.14,3.05,,0.04,0.09,,0.05,,,,,,,,,,,0.03,0.09,,0.15,,0.2,0.18,,,,,0.12,,0.15,0.06,,,0.16,0.27,0.02,,,,,,,,,,,0.05,,,0.08,,,,,,,,,,,,0.07,,,
绍兴市,,,0.17,0.18,,0.19,0.36,0.21,1.29,1.25,,2.19,0.73,1.38,0.58,1.64,,0.78,0.26,0.25,0.23,1.35,0.64,2.14,0.89,,0.4,0.2,,,0.2,0.12,0.12,0.13,0.14,0.09,0.11,0.1,0.05,0.12,,0.1,0.03,0.04,,0.09,,0.06,,0.19,,0.12,0.08,0.05,,0.01,,,,0.35,,,0.18,,0.03,,,0.06,0.04,0.12,,0.05,,0.07,0.04,,,0.07,0.21,0.11,0.16,0.03,0.05,0.15,,0.04,0.72,,0.16,,0.19,,0.14,,,0.08,0.18,0.32,0.05,0.05,0.31,0.34,0.67,0.46,0.42,0.89,0.63,0.34,0.39,0.43,0.3,0.21,0.26,0.36,17.64,13.42,1.76,3.11,2.21,,7.52,2.83,1.66,3.24,1.94,0.34,0.49,1.67,0.38,0.24,0.77,0.95,0.88,1.81,0.67,3.71,1.19,0.65,1.76,0.72,0.91,0.27,0.06,0.2,0.23,0.32,0.1,0.68,0.09,0.44,0.56,4.71,0.32,0.77,0.16,1.06,0.25,0.85,0.65,1.1,1.6,,,0.05,0.3,,,0.21,0.27,0.11,0.08,0.07,0.03,0.33,0.09,0.2,0.05,0.7,0.11,0.68,0.53,2.1,0.29,0.15,0.27,0.15,0.42,0.55,0.46,0.59,1.07,1.02,2.0,1.21,1.42,0.4,,,,,,,0.12,0.03,,,,,,0.4,0.08,0.14,0.15,0.43,0.35,0.27,0.22,0.77,0.12,0.35,0.45,1.38,0.12,1.22,0.05,0.05,,,0.08,0.02,,,0.01,,,0.02,0.04,0.03,0.04,,,0.02,0.07,0.08,,0.07,0.5,0.25,,,0.06,,0.04,0.05,0.04,0.04,0.38,0.29,0.09,0.08,0.4,,0.4,0.09,0.17,,0.38,0.09,0.76,0.5,0.14,0.16,0.06,0.27,0.1,0.93,0.1,0.46,,0.14,0.17,0.13,0.09,0.03,0.23,3.29,0.87,1.06,1.01,0.55,0.4,0.4,0.4,0.07,0.48,0.06,0.1,0.63,0.1,0.08,0.23,0.09,0.12,0.46,0.09,0.17,0.35,,0.1,,,,,,,,0.08,0.04,0.06,0.06,0.1,0.1,0.46,,0.32,0.07,,,0.05,,0.21,,,0.06,,0.14,0.04,0.2,,,,,,,,,,0.03,,0.05,,0.02,,0.16,0.4,,,0.04,0.4,,0.07,0.4,0.4,0.4,,0.4,0.4,0.4
金华市,,,0.3,0.32,0.17,0.33,0.5,0.44,1.15,1.12,,2.53,1.72,6.64,0.54,2.74,0.2,1.9,0.62,0.36,0.49,1.24,0.63,6.46,4.15,,0.44,0.25,,0.72,0.22,0.15,0.17,0.07,0.18,0.24,0.38,,0.17,0.28,0.06,0.16,,0.08,,0.16,0.12,0.03,0.05,0.53,0.04,0.17,,0.05,0.05,,0.18,0.16,,0.38,0.03,,0.03,0.03,,0.08,0.21,0.08,0.04,,,0.14,0.06,0.21,,0.04,0.06,,0.18,0.22,0.16,0.1,,0.19,0.52,0.13,0.14,0.45,0.35,0.11,0.06,0.08,0.09,0.18,0.39,0.11,0.09,0.38,0.28,0.15,,0.32,0.46,0.49,0.43,0.64,0.57,0.31,0.35,0.42,0.29,0.27,0.33,0.49,7.4,6.74,5.97,1.95,1.84,8.12,,20.14,1.27,7.33,24.47,0.46,0.65,1.96,1.29,0.3,1.01,1.29,1.17,5.45,1.37,2.13,1.15,1.14,3.2,2.06,1.06,0.54,0.22,0.58,0.67,0.49,0.21,2.56,0.22,0.75,1.31,14.35,1.77,2.1,4.14,10.37,0.92,2.51,2.47,3.58,11.85,0.05,0.19,0.1,0.29,0.05,0.18,0.17,0.27,0.12,0.27,,,0.32,0.21,0.09,0.11,0.38,0.16,0.87,0.7,0.89,0.15,0.19,0.31,0.38,0.33,0.65,0.22,0.29,1.43,3.3,1.77,3.73,1.82,0.39,0.04,,,,0.14,,,,0.02,0.08,0.19,,,0.39,0.24,0.48,0.34,0.4,1.22,0.46,0.56,2.55,0.29,0.57,0.61,3.3,0.61,4.22,0.1,0.16,0.08,,0.39,0.03,0.05,0.04,0.04,0.02,0.07,0.06,0.07,0.09,0.03,0.03,0.08,0.08,0.32,0.08,0.03,0.14,0.31,0.7,0.02,0.06,0.06,0.04,0.03,0.07,0.18,0.08,0.44,0.29,0.2,,0.39,,0.39,0.1,0.37,0.18,0.46,0.13,0.16,0.24,0.17,0.17,0.15,0.28,0.08,0.82,0.24,0.52,,0.25,0.14,0.04,,0.28,0.67,2.66,2.57,5.95,3.06,1.9,0.39,0.39,0.39,0.27,1.06,0.31,0.29,5.48,0.08,0.45,0.11,0.27,0.36,1.57,0.16,0.27,0.33,0.04,,,,,,,,,,0.08,0.12,0.07,0.15,,0.53,,0.36,0.12,,,,0.08,0.09,0.03,0.03,,0.06,0.22,0.07,0.3,0.06,,,,,,0.04,,,,0.12,0.05,0.6,,0.35,0.11,0.39,,,,0.39,0.06,,0.39,0.39,0.39,,0.39,0.39,0.39
衢州市,,,,,,,,,0.27,0.26,,0.31,0.69,1.3,,0.21,,0.33,,0.04,,0.17,,0.35,0.25,,,,,,,,,,,,,,,,,,,,,,,0.03,,,,,,,,,,,,,,,,,,,,,,,,,,,,0.02,0.04,,,,,,,,,,,,,,,0.08,,,0.06,,,,,,,0.05,0.15,0.1,0.1,0.17,0.17,,0.08,0.06,0.07,,,0.09,3.56,1.3,0.75,0.56,0.55,1.09,7.95,,0.22,0.9,5.42,0.08,0.25,0.17,0.09,0.07,0.06,0.23,0.41,1.37,0.12,0.16,0.1,0.13,0.17,0.74,0.33,0.13,0.04,0.12,0.19,,0.06,1.92,0.14,0.26,0.31,1.37,0.24,0.63,0.24,0.79,0.15,0.2,0.29,0.5,3.1,,,0.05,,,,,0.11,,,,,,,,,,,,,,,,,0.17,,,,,0.2,0.13,0.21,0.18,0.17,,0.02,,,,,,0.04,,0.02,,,,,,0.06,0.08,0.06,0.08,0.14,0.06,0.11,0.24,,0.11,0.13,0.68,0.07,0.77,,,,,,,,,,,,0.01,,0.03,0.03,,,,,,,0.03,0.05,,,,,,,,0.03,,,,0.04,,,,,,,,,,,,,,,,,0.08,,,,,,0.09,,0.03,0.04,0.19,0.23,0.15,0.14,0.2,,,,,0.08,,0.03,0.21,,0.03,,0.03,0.04,0.19,0.06,,,,,,,,,,,,,,,,,,,,,,,0.02,,,,,,,,,,,,,,,,,,,,,,,,,,,,,,,,,,,,,,,,
舟山市,,,,,,0.24,,0.1,2.34,0.4,,0.58,0.2,0.09,0.21,0.35,,0.09,,,,,,,,,,,,,,,0.2,0.12,,,,,,,,,,,,,,,,,,,,,,,,,,,,,,,,,0.38,,0.06,,,,0.09,0.14,0.04,0.02,,,0.1,,0.12,,,0.08,0.1,,,,,0.08,0.06,,,0.12,,0.05,,,,,,0.2,0.14,0.12,0.04,0.17,0.3,0.21,0.11,0.15,0.12,0.1,0.22,0.12,0.72,6.25,0.37,0.37,0.17,0.47,0.27,0.26,,1.48,0.19,0.07,0.22,0.12,0.17,0.07,0.12,0.06,0.17,0.28,0.1,1.54,0.17,0.04,0.24,0.12,0.19,0.18,,,,,,,,0.14,,0.09,0.1,0.16,0.07,,,,,0.09,0.08,,,,,0.05,0.07,,0.1,0.1,0.21,0.03,,0.16,,,,0.2,,0.14,0.21,0.18,,,0.19,,0.13,,0.16,0.12,0.26,0.44,0.15,0.17,0.34,,0.06,,,,,,,,,,,,,,,,,,,,,0.08,0.03,,,0.21,0.07,0.08,,,,0.04,0.02,,,,,,,0.01,,,,,,,,,,,,,,,,,,,,,,,,,,,,,,,,,,0.12,,,,,,0.07,,,,,0.07,,,0.09,,0.07,,,,,,,,,,,0.1,,,,0.04,,,,,,,,,,,,,,,,,,,,,,0.15,,,,,,,,,,,,,,,,,,,,,,,,,,,,,,,,,,,,,,,,,,,,,
台州市,,,0.13,0.12,,0.32,0.18,0.29,0.87,0.88,,2.58,1.08,2.35,0.36,2.02,0.14,1.01,0.3,0.15,,1.42,1.25,3.17,1.83,0.18,0.89,0.22,0.11,0.1,,,0.07,,,0.08,0.11,,,0.12,0.05,,0.03,,0.04,0.08,,,,0.12,,0.08,,,,,0.1,0.06,,0.12,,,,,,0.05,0.31,,,0.1,0.18,0.11,,,0.05,,0.11,0.1,0.16,0.07,0.07,,0.1,0.1,0.41,,,0.1,0.18,0.05,,0.53,,0.2,,0.14,0.18,0.25,0.05,0.13,,0.2,0.38,0.43,0.34,0.49,0.38,0.56,0.26,0.28,0.17,0.22,0.24,0.31,2.56,10.93,8.32,1.05,1.04,2.43,3.98,2.21,3.42,,4.39,0.39,0.5,3.85,0.72,0.15,0.79,0.69,0.77,1.26,1.53,2.71,1.4,0.57,3.3,1.99,0.74,0.52,0.11,0.34,0.39,0.32,0.17,0.4,0.09,1.25,0.61,3.03,0.6,1.4,1.28,0.73,0.41,2.86,2.77,1.85,2.18,,0.08,,0.17,,0.09,0.09,0.13,0.12,0.14,0.09,,0.24,,0.09,0.04,0.39,,0.71,0.56,0.68,0.21,0.08,0.12,0.15,0.16,1.22,0.28,0.16,1.21,3.16,0.86,1.62,1.98,,,,0.06,,,,0.04,0.06,0.05,0.05,0.06,,0.08,,0.12,0.3,0.12,0.2,0.46,0.21,0.37,0.45,0.2,0.12,0.52,1.9,0.32,2.68,0.06,0.03,,0.07,0.06,0.02,0.04,,,,0.04,0.03,0.03,,0.05,,0.05,0.02,,0.05,,0.04,0.11,0.36,0.05,0.14,0.08,0.03,0.02,,0.1,0.1,0.07,0.06,0.03,,,,,0.11,1.04,0.05,0.82,0.08,0.36,0.62,0.23,2.46,0.2,0.16,0.08,1.61,0.22,0.66,,0.28,0.89,,0.04,0.17,0.42,1.39,1.55,2.28,1.76,1.95,,,,0.14,0.95,0.09,0.19,1.7,0.05,0.13,0.12,0.11,0.17,1.0,0.13,0.22,0.05,0.04,,0.07,,,,,,,0.06,,0.13,0.05,0.15,0.04,1.92,,0.7,0.47,0.03,,,0.12,0.14,,0.09,0.1,,,0.11,0.17,,,0.03,,,,,,,,,0.07,0.04,0.02,,,,,,,,0.13,,,,,,,,
丽水市,,,,,,,,,0.14,0.18,,0.2,0.89,0.48,,0.22,,0.25,,,,0.25,,0.57,0.21,,,,,,,,,,,,,,,,,,,,,,,,,,,,,,,,,,,,,,,0.1,,,,,,,,,,,,,,,,,,,,,,,,,,,0.06,,,0.1,,,,,,,,0.06,0.08,,0.11,0.1,0.1,0.06,0.04,,0.06,0.05,0.07,0.06,1.53,0.91,5.93,0.39,0.32,0.59,7.32,4.28,0.34,1.77,,0.06,0.14,0.16,0.08,0.04,0.05,0.05,0.12,0.38,0.08,0.22,0.09,0.1,0.06,0.27,0.23,,0.05,0.14,0.26,0.08,0.08,2.52,0.15,0.57,0.11,0.72,0.18,0.45,0.33,0.12,0.12,0.26,0.29,0.49,0.57,,,,0.19,,,,0.09,,,,,,,,,,,0.07,,0.15,,,,,,,,,0.14,0.11,0.2,0.19,0.35,,,,,,,,,,,,,,0.05,,,0.08,,,0.1,0.07,0.17,0.48,,0.04,0.17,0.39,0.09,0.44,,,,,,,0.03,,,0.04,,,,,,0.03,,,,,0.01,,,,,,,0.01,,,,,0.05,,,,,,,,,,,,,,,0.1,,,0.04,0.07,0.09,0.09,,0.1,,,,,0.04,0.15,0.54,0.21,0.3,0.21,,,,,0.07,,0.06,0.19,,0.04,,0.05,0.04,0.12,,,,,,,,,,,,,,,,,,,,,0.14,0.04,,,0.05,,,,,0.05,,,,,,,,,,,,,,,,,,,0.06,,,,,,,,,,,,,,,
合肥市,0.4,0.2,0.31,0.25,,0.23,0.18,0.15,1.18,1.68,1.24,,0.7,0.39,0.77,0.73,0.36,0.2,0.34,0.04,0.23,0.19,0.2,0.1,0.17,0.18,0.44,0.24,,0.27,,0.2,0.15,0.3,0.24,0.26,0.21,0.08,,0.24,0.12,0.13,0.07,,0.1,0.19,0.31,,0.08,0.25,,,0.06,,0.04,,,0.04,,,0.07,,0.06,0.03,,0.04,0.21,0.05,,,,0.06,,0.07,,0.04,0.07,0.05,0.12,0.06,0.09,,,0.15,,0.07,0.06,0.1,0.15,,0.19,,,,,,0.09,0.16,,0.05,,1.61,0.49,0.68,0.63,0.64,0.63,0.25,0.42,0.42,1.12,0.52,0.51,0.51,0.5,0.63,0.46,0.46,0.49,0.23,0.48,0.3,0.18,0.54,0.18,,10.59,6.91,29.01,14.78,4.21,13.13,18.71,6.21,12.75,5.66,4.73,29.94,5.91,9.63,5.1,0.25,0.11,0.52,0.17,0.34,0.11,0.23,0.14,0.22,0.4,0.5,0.25,0.5,0.07,0.31,0.18,0.15,0.24,0.27,0.23,0.2,0.17,0.11,0.38,0.12,0.19,0.35,0.29,0.25,0.21,0.12,0.03,0.46,0.26,0.28,0.06,0.48,0.27,0.34,0.35,0.25,0.24,0.18,0.19,0.25,0.26,0.21,0.12,0.13,0.44,0.52,1.23,0.45,0.37,0.65,0.16,0.06,0.06,0.07,0.18,,0.08,0.03,0.05,0.08,0.06,,,0.65,0.15,0.08,0.05,0.1,0.08,0.11,0.11,0.11,0.12,,0.07,0.1,0.1,,0.07,0.05,0.09,0.05,0.06,0.04,,0.08,,0.01,0.03,0.01,,0.02,,,,0.02,0.1,0.03,,0.05,0.04,,,,0.04,,,0.01,,0.03,,,,0.03,0.65,,0.65,0.11,,0.07,,0.05,0.08,0.16,0.08,0.06,0.08,,,,,0.15,,0.17,,,,0.06,0.04,0.07,,0.07,,,0.65,0.65,0.65,0.08,,0.03,0.02,0.08,,,0.06,0.04,0.05,0.05,0.09,,0.11,0.04,,,,,,,,,0.11,0.02,0.13,0.05,0.14,0.07,0.33,,0.28,0.21,0.07,,0.2,0.06,0.09,0.11,,0.07,0.06,0.14,0.08,0.16,0.03,0.05,0.01,,,,,,,,,0.05,0.15,0.07,0.2,,0.65,,,0.08,0.65,,,0.65,0.65,0.65,,0.65,0.65,0.65
芜湖市,,,,,,0.15,0.12,,0.53,1.03,0.61,,0.18,0.12,0.26,0.18,0.24,,,,,,,,,,,,,,,,,0.06,0.16,,,0.05,0.13,0.09,,0.07,,,,0.07,0.07,,0.04,,,,,,,,0.05,0.23,,,,0.05,,,0.03,0.06,,,,,0.42,,,0.09,,,,,,0.05,,,,0.08,,0.09,0.06,,,,0.12,,,,,0.08,,,,,1.55,1.63,0.36,0.29,0.44,0.28,0.26,0.11,0.22,0.17,0.42,0.49,0.28,0.14,0.3,0.26,0.14,0.14,0.38,0.14,0.21,0.12,0.34,0.24,0.06,4.36,,0.85,0.85,23.06,0.54,8.1,1.3,2.32,0.68,0.59,0.46,0.92,0.59,2.96,11.11,,,0.17,0.05,,,0.1,0.06,,0.09,0.09,0.09,0.26,,,0.06,0.07,0.11,,,0.05,0.09,0.05,0.3,0.06,0.09,,0.09,0.06,0.1,,,0.13,,0.11,,0.19,,0.08,,0.1,,0.24,,,0.15,,,0.3,0.14,0.11,0.11,0.11,0.1,,0.08,0.12,,,,0.09,,,0.08,0.14,0.26,,,,,,,,,,,0.08,,,0.04,,,,,,,,,,,,,,,,,,,,,,,,,,,,0.01,,,,0.02,,,0.02,,0.05,0.03,,,,,,,0.1,,,,,,,,,,0.1,,,,,,0.04,,,,,,,,,,,,,,,,0.05,0.03,,,,,0.08,,,,,,,,,,,,,,0.08,0.09,,0.07,,,,,,,,,0.04,,,0.09,,,0.08,0.04,,,,,,,,,,,,,,,,0.08,,,,,,,,,,,,,,,
蚌埠市,0.15,,,,,,,,0.46,0.86,0.59,,,0.08,0.28,0.19,0.15,,,,,,,,,,,,,,,,,,,,,,,0.08,,,0.04,,0.04,,,,,0.13,,,,,,,,0.06,,,,,,0.03,,,,,,,,,,,,,,,,,,,,,0.15,,,,,,,0.08,,,,0.08,,,,,,0.85,0.16,0.5,0.21,0.23,0.2,0.13,0.43,0.13,0.38,0.25,0.15,0.7,0.22,0.35,0.26,0.15,0.17,0.16,0.22,0.09,0.11,0.32,0.06,2.79,0.66,,4.71,0.43,1.82,0.32,0.26,0.29,7.47,0.55,4.4,0.54,2.64,0.26,0.38,,0.04,,,,,0.06,,,,0.11,0.06,,,0.29,,,,0.07,0.05,,0.09,0.05,0.2,0.09,,0.08,0.2,0.14,,0.06,0.09,0.18,,,0.09,,0.11,0.09,0.13,0.08,,,,0.1,0.11,0.1,0.09,,,0.19,0.11,0.12,,,,0.12,0.12,0.03,,,,,,,0.26,,,,,,,,,,,,,,,,,,,,,,0.04,,,,,,,,,,,,,,,,,,,,,0.24,,,,,,,,,,,,,,,,,,,,,,,,,,,,,,,,,,,,,,,,,,,,,,,0.05,,,,,,,,,,,,,,,,,,,,,,,,,,,,,,,,,,,,,,,0.11,,,,,,,,,,,,,,,,,0.08,,,,,,,,,,,,,,,
淮南市,,,,,,,,,0.72,0.35,0.28,,,,,,,,,,,,,,,,,,,,,,,,,,,,,,,,,,,,,,,,,,,,,0.01,,,0.03,,,,,,,,,,,,,,,,,,,,,,,,,,,,,,,,,,,,,,0.18,,,,,0.27,0.13,0.14,0.12,0.23,0.12,,0.06,0.05,0.15,0.12,0.05,0.12,0.11,0.22,,0.13,0.05,0.08,,0.05,0.13,,,9.29,0.37,3.69,,0.37,0.79,0.3,0.56,0.22,1.44,2.59,0.32,3.65,1.85,0.22,0.23,,,,0.07,,,,,,,,,,,0.1,,,,,,,,,0.11,,,,,,0.1,,,,,,,,,,,,,,,,,,,,,0.14,0.1,0.08,,,,,,,0.21,,,,,,,,,,,,,,,,,,,,,,,,,0.03,,,,,,,,,,,,,,,,,,0.02,,,,,,,,,,,,,,,,,,,,,,,,,,,,,,,,,,,,,,,,,,,,,,,,,,,,,,,,,,,,,,,,,,,,,,,,,,,,,,,,,,,,,,,,,,,,,,,,,,,,,,,,,,,,,,,,,,,,,,,,,,,,
马鞍山市,,,,,,,,,0.31,2.43,0.26,,,,,,,,,,,,,,,,,,,,,,,,,,,,,,,,,,,0.05,,,,,,,,,,,,,,,,,0.09,,,,,,,,,,,,,,,,,,,,,,,,,,,,,,,,,,,0.09,,,,8.1,0.35,0.14,0.51,0.2,0.19,0.15,0.3,0.17,0.19,0.34,0.19,0.21,0.13,0.12,,0.09,0.12,,,,0.22,,0.08,5.07,17.71,0.4,0.38,,0.29,1.07,0.43,0.65,1.61,0.25,0.26,0.42,0.65,0.45,1.38,,,,,,,,,,,,,0.09,,,,,,,,0.04,,0.05,,0.06,,,,,,,,,,0.07,,,,,,,,,,,,,,,,,0.09,,,,0.05,,,,,,,,,,,,,,,,,,,,,0.06,,,,,,,,,,,,,,,,,,0.01,,,,,,,,,,,,,,,,,,,,,,,,,,,,,,,,,,,,,,,,,,,,,,,,,,,,,,,,,,,,,,,,,0.05,,0.07,,0.06,,,,,,,,,,,,,,,,,,,,0.11,,,,,,,0.05,,,,,,,0.03,,,,,,,,,,,,,,,,,,,,,,0.07,,,,,,,
淮北市,,,,,,,,,0.2,0.65,0.23,,,,0.23,0.35,,,,,,,,,,,,,,,,,,,,,,,,,,,,,,,0.12,,,,,,,,,,,,0.02,,,,0.03,,,,,,,,,,,,,0.02,,,,,,,,,,,,,,,,,,,,,,,,,,0.25,0.09,1.59,0.11,0.09,0.12,,0.05,0.11,,,0.1,0.13,0.1,0.15,,0.05,0.08,0.04,,0.08,,,,1.16,0.16,1.07,0.83,0.21,,0.07,0.23,,0.37,0.25,10.92,0.11,3.17,0.11,0.3,,,,,,,,,,,,,,,,,,,,,,,,0.43,,,,0.17,0.08,,0.07,0.03,0.16,,,,0.12,,0.07,,,,,,,,,,,,1.32,,0.08,,,,,,,,,,,,0.02,,,,,,,,,,,,,,,,,,,,,,,,,,,,,,,,,,,,,,,,,,,,,,,,,,,,,,,,,,,,,,,,,,,,,,,,,,,,,,,,,,,,,,,,,,,,,,,,,,,,,,,,,,,,,,,,,,,,,,,,,,,,,,,0.03,,,,,,,,,,0.05,,,,,,0.03,,,0.04,,,,,,,,,,,,,,,,
铜陵市,,,,,,,,,0.12,0.33,0.22,,,,,,0.13,,,,,,,,,,,,,,,,,,,,,,,,,,,,,,,,,,,,,,,,,,,,,,,,0.03,,,,,,,,,,,,,,,,,,,,,,,,,,,,,,,,0.18,,,,,0.26,0.16,,0.28,0.2,,0.05,0.07,,0.11,0.17,0.09,,0.11,0.09,,0.07,0.12,0.06,,,,,,2.37,4.75,0.17,0.22,0.51,0.09,,5.44,0.63,0.21,0.07,0.08,0.26,0.05,12.02,0.48,,,,,,,0.07,,,,0.04,,0.14,,0.12,,,,,,,,,,,,,,,,,,,,,,,,,,,,,,,,,,,,,,,,,0.02,0.06,,,0.03,,,,0.1,0.08,,,,,,,,,,,,,,,,,,,,0.07,,,,,,,,,,,,,,,,,,,,,,,,,,,,,,,,,,,,,,,,,,,,,,,,,,,,,,,,,,,,,,,,,,,,,,,,,,,,,,,,,,,,,,,,,,,,,,,,,,,,,,,,,,,,,,,,,,,,,,,,,,,,,,,0.02,,,,,,,,,,,,,,,
安庆市,,,,,,,,,0.34,0.4,0.6,,0.31,0.34,0.25,0.23,2.33,,,,,,,,,,,,,,,,,,,,,,,,,,,,,,,,0.04,,,,,,,,,,,,,,,,,,,,,0.02,,,,,,,,,,,,,,,,,,,,,,,,,,,,,,,,0.39,0.18,0.13,0.18,0.18,0.08,0.11,0.11,0.12,0.11,0.1,0.07,0.08,0.21,0.31,0.25,0.14,0.58,0.08,0.19,0.15,0.25,0.11,0.06,5.99,1.25,0.43,0.57,0.58,0.24,14.95,,1.25,0.4,0.25,0.2,1.77,0.27,13.53,0.66,,0.03,0.12,,0.25,0.03,0.1,,0.08,0.28,0.49,0.09,1.27,,0.1,0.04,,0.16,0.14,0.09,0.05,0.09,0.07,0.13,0.1,0.09,,0.1,0.1,0.19,0.05,,0.2,0.07,,,,,,,0.11,0.13,0.14,0.14,,0.1,,,,0.33,0.12,0.1,0.13,0.16,,0.05,0.06,,0.07,,0.09,0.04,,0.16,5.2,0.06,0.2,,,0.04,0.04,,,,,,,,,,,,,,0.05,,,0.02,,,,,,,,,,,0.02,,,0.1,,,,,,0.01,,,,,,,,,,0.01,,,,,,,,,,,,,,,,,,,,,,,,,,,,,,,,,,,,,,,,,,,0.03,,,,,,0.04,,,,,,,,,,,,,,,,,,0.04,,,,,,,,,,,,,,,,,,,,,,,,,,,,,,,,,,,,,,,,,,
黄山市,,,,,,,,,0.16,0.13,0.89,,,0.13,,,,,,,,,,,,,,,,,,,,,,,,,,,,,,,,,,,,,,,,,,,,,,,,,0.06,,,,,,,,,,,,,,,,,,,,,,,,,,,,,,,,,,,,,,,0.14,0.05,,,0.08,,,,,,0.03,,,0.77,0.13,,0.13,0.46,0.13,0.26,0.4,0.11,0.13,0.17,1.0,0.88,0.1,0.19,0.16,0.08,0.76,0.52,,0.12,0.29,0.24,0.13,0.18,2.24,3.2,,,,,,,0.07,,,,0.72,,,,,,,,,0.19,,,,,,,,,,,,,,,,,,,,,,,,,,,,,,,,0.08,,,,,,,,,,0.04,0.03,,,,,,,,,,,,,,,,,,,,0.08,,,,,,,,,,,,,,,,,,,,,,,,,,,,,,,,,,,,,,,,,0.05,,,,,,,,,,,,,,,,,,,,,,,,,,,,,,,,,,,,,,,,,,,,,,,,,,,,,,,,,,,,,0.04,,,,,,,,,,,,,,,,,,,,,,,,,,,,,,,,,,,,,,,,,,
滁州市,0.16,,,0.18,,,,,0.63,4.68,0.73,,0.2,0.1,0.39,0.47,0.1,,,,,,,,,,,,,,,,,,,,,,,,,,0.04,,,0.13,0.16,,,0.23,,0.14,,,,0.01,,,,,,,,,,,,,,,,,,,0.07,,,,,,,,,,,,0.04,,0.11,,,,,,,,,,,,,10.74,0.45,0.57,0.6,0.59,0.34,0.48,3.38,0.33,4.58,0.83,0.43,1.25,0.26,0.46,0.15,0.29,0.26,0.23,0.28,0.13,0.25,0.36,,6.94,1.19,9.59,2.83,3.08,1.07,0.6,0.71,0.52,,0.96,1.15,1.09,1.14,0.7,0.89,,0.04,,0.05,0.14,,0.05,,,0.12,,,0.13,,0.29,,,0.08,0.09,0.04,0.05,0.16,0.1,0.23,0.08,0.09,0.1,0.21,0.09,0.19,0.13,,0.34,,0.13,,0.14,0.08,0.22,0.43,0.4,0.14,0.12,0.19,0.19,0.12,0.15,0.23,0.26,0.2,0.32,0.14,0.4,0.36,0.41,,0.25,,,,,0.04,,,0.08,,,0.02,0.41,,0.04,0.03,,,0.07,,,,,,,,,,0.04,,,,,,,,,,,,,,0.02,,,,,0.0,,,,,,,,,,,,,0.03,,,0.41,,0.41,,,,,,,,,,,,,,,,,0.1,,,,,,,,,,,0.41,0.41,0.41,,,,,,,,0.05,,,,,,,,,,,,,,,,,0.04,,0.03,0.05,0.07,0.15,,,0.04,,,0.05,,,,,,,0.05,,,,,,,,,,,,,,,0.02,,,,0.41,,,,0.41,,,0.41,0.41,0.41,,0.41,0.41,0.41
阜阳市,0.22,0.27,0.16,0.13,,,,,0.69,0.62,1.37,,0.29,0.13,0.36,2.26,0.23,,0.22,,,,,,,0.27,,,,,0.29,0.11,0.1,0.21,,,0.16,,0.09,0.11,0.08,0.06,0.03,,0.06,0.06,0.11,,,0.12,,0.12,,,,,,,,,,,,,,,,,,,,,,0.07,0.07,,,,,,,,0.02,,0.1,,,,,,,0.08,,,,0.08,,,,0.04,,0.45,0.3,0.42,0.34,0.22,0.21,0.12,0.14,0.1,0.17,0.17,0.08,0.21,0.55,0.99,0.45,0.39,0.52,0.43,0.28,0.12,1.43,0.43,0.13,4.96,0.6,1.29,8.37,0.24,1.27,0.16,0.44,1.17,0.61,,0.49,3.01,8.94,0.4,0.41,0.2,0.06,,0.07,0.14,0.04,0.11,,,0.15,0.14,,0.19,,,0.04,0.06,0.09,0.07,0.1,0.07,0.09,,0.13,,0.14,0.1,0.18,0.1,0.19,0.04,0.03,0.18,0.12,0.19,,0.27,0.22,0.13,0.22,0.58,0.19,,0.14,0.32,0.19,0.39,0.52,0.12,0.21,0.52,2.39,4.07,3.52,0.94,0.13,,,0.03,,,0.08,,,0.08,,,,0.94,,,,,,,,,,,,,,,,,0.06,,0.04,0.02,,,,,,,0.01,,,0.04,0.06,,0.08,0.02,,,,,,0.06,,,,,,,,,0.03,0.05,0.94,,0.94,,,,,0.03,,,,,,,,,,,,,,,,,,,,,,,0.94,0.94,0.94,,,,,,,,,,,,0.11,,,,,0.03,,,,,,,,,,,0.07,0.03,,,,,0.04,,,0.05,,,,,,,,,,,,,,,,,,,,,,,,0.16,0.94,,,0.08,0.94,0.06,0.14,0.94,0.94,0.94,,0.94,0.94,0.94
宿州市,0.17,,,0.15,,,,,0.48,4.51,0.79,,0.18,,0.85,0.8,,,,,,,,,,0.09,,,,,0.18,,,0.09,,,,,0.07,,,,0.03,0.04,,0.06,,,,0.18,,0.12,0.03,,,0.03,,,,0.09,,0.03,,,,,,,,0.1,,,,,,,,,0.13,,,,0.08,,,,,,,,,,,,,,,,,,,0.91,0.43,12.44,0.38,0.53,0.31,0.26,0.34,0.16,0.25,0.29,0.18,2.58,0.33,0.58,0.36,0.26,0.22,0.2,0.21,0.06,0.2,0.24,,2.65,0.48,7.55,0.98,0.41,32.85,0.24,0.34,0.98,1.01,0.36,,0.54,0.88,0.26,0.44,,0.03,0.14,,,,0.13,0.12,,,,,,,0.12,,,,,0.05,0.09,0.14,0.09,1.22,0.09,,0.16,0.31,0.12,,0.11,,0.48,0.07,0.08,0.06,0.99,0.18,0.18,0.16,0.1,0.1,,0.16,0.12,0.21,0.09,0.1,0.1,,3.03,,0.15,,0.68,,,,,,,,,,,,,,0.68,,0.05,,,,,,,,,,,,,,,,,0.03,,,,,,,,,,,,,,,0.02,,,,,,,,,,,,,,,,,0.68,,0.68,,,,,,,,,,,,,,,,0.08,,,,,,,,,,,,0.68,0.68,0.68,,,,,,,,,,,,,,,,,0.03,,,,,,,0.08,,,,0.06,,,,,0.03,,,,,,,,,,0.1,,,,,0.01,,,,0.04,,,,0.03,,,,,,0.68,,,0.08,0.68,0.06,,0.68,0.68,0.68,,0.68,0.68,0.68
六安市,0.23,,,,,,,,0.63,0.81,0.57,,0.23,0.09,0.16,0.59,0.96,,,,,,,,,,0.2,,,0.1,,,,,0.18,,,0.05,,,,,,0.04,,,0.14,,,0.12,,,,,,,,,,,,,,,,,,,,,,,,0.04,,,,,,,,,,,,,,,,,,,0.04,,,,,,,,,0.54,0.53,0.18,0.44,0.65,0.25,0.05,0.1,0.13,0.12,0.16,0.11,0.15,0.3,0.28,0.16,0.25,0.26,0.1,,0.13,0.11,0.17,0.11,14.33,0.72,0.69,6.61,0.68,0.57,0.79,1.95,0.63,0.85,1.95,0.4,,0.47,0.75,0.5,0.11,,0.15,,0.1,0.03,0.13,,0.06,0.08,0.18,0.12,0.09,,,,,0.08,0.08,0.07,,,0.07,0.09,,,,,0.08,,0.05,0.03,0.12,0.05,,,,,,,0.16,0.19,,,0.18,,0.14,0.11,,0.2,0.12,3.47,0.1,0.11,0.44,0.06,,0.12,0.03,0.07,,0.08,0.03,0.02,1.81,0.06,,0.02,0.44,0.04,,,,,,,,,,,,,,,,,,,,,,,,,,,,,,,,,,,,,,,,,,,,,,,,,,0.44,,0.44,,,,,,,,,,,,,,,,,0.11,,,,,,,,,,,0.44,0.44,0.44,,,,,,,,,,,,,,,,,,,,,,,,,,0.07,,,,0.3,,0.25,0.04,,,,,0.09,,,,,0.1,0.04,,,,,,,,,,,,,,0.05,0.09,,,0.44,,,,0.44,,,0.44,0.44,0.44,,0.44,0.44,0.44
亳州市,,,,0.13,,,,,0.52,0.71,0.96,,,,0.41,1.66,,,,,,,,,,0.09,,,,,,,,0.1,,,0.13,0.05,0.07,,0.05,0.08,0.06,,,,0.16,,,0.15,,0.09,,,,,,,,,,,,,,,,,,,,,,0.07,,0.02,,,,,,,,,,,0.04,,,,0.19,,,,,0.08,,,,,,0.67,0.19,0.45,0.35,0.39,0.22,0.09,0.09,0.07,0.13,0.18,0.11,0.21,0.37,0.76,0.41,0.16,0.3,0.24,0.32,0.11,0.2,0.44,,3.46,0.42,4.27,4.12,0.45,10.42,0.16,0.28,0.54,0.51,6.55,1.08,0.69,,0.42,0.2,,,,,,,,,0.08,,0.09,,,0.07,0.12,,,,,0.06,0.06,0.11,0.07,0.47,0.06,,0.07,0.17,0.07,0.17,0.06,0.06,0.22,0.05,0.1,,0.36,0.15,0.2,0.2,0.3,0.12,0.07,0.13,,0.1,0.43,0.08,0.16,,4.15,0.09,2.48,0.09,0.72,,,,0.1,0.1,,,,,,,,,0.72,,,,,,,,,,,,,,,,,,,0.04,,,,,,,,,0.05,,,,,0.07,0.04,,,,,,,,,,0.01,,,,,,,0.72,,0.72,,,,,,,,,,,,,,,,,,,,,,,,,,,,0.72,0.72,0.72,,,,,,,0.03,,,,,,,,,0.16,,,,,,,,,0.04,,,,,,,,,,,,,,,,,,,,,0.02,,,,,,,,,,,,,,,0.11,0.72,,,,0.72,,,0.72,0.72,0.72,,0.72,0.72,0.72
池州市,,,,,,,,,0.22,0.33,0.36,,,0.23,,,,,,,,,,,,,,,,,,,,,,,,,,,,,,,,,0.11,,,,,,,,,,,,,,,,,,,,,,,,,,,,,,,,,,,,,,,,,,,,,,,,,,,,0.11,,,0.28,0.12,0.09,0.27,0.12,0.09,0.11,0.03,0.07,0.14,0.18,0.07,0.06,0.17,0.13,,0.23,0.13,,,0.07,,0.14,0.07,1.51,1.87,0.16,0.26,0.45,0.13,12.41,4.78,3.25,0.2,0.1,0.1,0.37,0.13,,0.75,,,,0.05,,,0.09,,,0.14,0.51,,0.53,,,,,,0.06,0.28,,,,0.08,0.09,,,,,,,,,,,,,,,,,,,,0.1,,,0.07,,0.16,,,,,,0.04,0.12,,,,,,,,0.11,,,,,,,,,,,0.08,,0.04,,,,,0.12,,0.05,,0.02,,,,,,,,,0.03,,,,,,,,,,,,,,,,,,,,,,,,,,,,,,,,,,,,,,,,,,,,,,,,,,,,,0.12,,,,,,,,,0.03,,,,,,,,,,,,,,,,,,,,,,,,,,,,,,,,,,,,,,,,,,0.02,,,,,,,,,,,,,,,,,,,,,,,,,,,
宣城市,,,,,,,,,0.64,1.53,2.36,,,0.13,,0.16,,,,,,,,,,,,,,,,,,,,,,,,,,,,0.03,0.04,,0.18,0.05,,,0.02,,,,,,,,,,,,,,,,,,,,,,,,,,,,,,,,,,0.05,,,0.15,,,,,,,,,,,,,,2.33,0.86,0.13,2.21,0.39,0.15,0.11,0.22,0.14,0.13,0.2,0.15,0.2,0.95,0.34,0.27,0.27,6.12,0.26,0.29,0.31,,0.27,0.11,1.59,9.05,0.34,0.32,1.6,0.52,1.14,0.66,7.62,0.61,0.31,0.27,0.61,0.35,0.94,,,,,,,,0.13,,,,0.23,0.09,0.11,,0.09,0.11,,,0.06,0.13,,,,0.11,,,,,0.12,,,0.06,0.1,,0.08,,0.11,,,,,,,,,,0.08,,0.08,0.14,0.13,0.19,,0.13,,,,,,,,,,0.05,,,,,,,,,,,,,,,,,,,,,,,,,,,,,,,0.01,,,,,,,,,,,,,0.02,,,,,,,,,,0.02,,,,,,,,,,,,,,,,,,,,,,,,,,,0.07,,0.06,0.05,,,,,,,,0.03,,,,,,,0.15,,,,,,,,,,,,,,,,,,,,,,0.08,,,,,,,,,,,,,0.02,,,,,,,,,,,,,,,,,,,,,,,,,,,,,
福州市,,,0.12,,,0.27,0.15,0.08,0.29,0.28,0.78,0.29,,1.39,0.27,0.41,0.21,0.39,0.72,0.21,0.26,1.09,1.22,0.63,0.56,,0.21,0.23,,,0.49,0.11,0.12,,,0.08,,,,0.13,,,,,,,,,,,0.06,,0.04,0.04,,,,0.04,,,,0.09,0.06,,,0.05,0.1,0.08,,0.07,0.23,0.09,,0.07,0.1,,0.04,0.11,0.07,0.07,0.13,,,,0.15,,,,,,,,,,,0.11,,,,,,0.15,0.13,0.09,0.1,0.11,0.15,0.08,0.14,0.08,0.16,0.06,0.09,0.07,0.14,0.23,0.7,0.14,0.08,0.2,0.38,0.23,0.47,0.62,0.32,0.11,0.22,0.19,0.09,0.03,0.08,0.05,0.45,0.22,0.06,0.26,0.13,0.15,0.23,0.26,0.12,,4.72,19.26,17.01,8.13,3.84,22.88,5.84,36.08,0.84,0.58,0.36,0.69,1.09,2.29,0.62,0.59,1.04,2.04,1.18,0.05,0.12,,0.17,,0.13,0.12,0.15,0.07,0.21,0.07,0.03,0.07,0.08,0.07,,0.16,0.14,0.16,0.17,0.22,0.15,0.09,0.13,0.16,0.15,0.16,0.21,0.16,0.55,0.25,0.14,0.19,0.34,,0.06,,0.06,0.21,0.03,,0.04,0.03,,0.02,,,0.05,,0.13,0.13,,0.14,0.15,0.14,0.33,0.12,0.09,0.58,0.21,0.29,0.12,0.31,0.13,0.1,0.14,0.07,0.31,0.06,0.06,0.1,0.01,0.02,0.07,0.11,0.06,0.1,0.08,0.04,0.1,0.04,0.17,0.1,,0.11,0.18,0.21,0.06,0.13,0.15,0.1,0.03,0.13,0.06,0.06,0.12,0.11,0.07,0.04,,,,0.13,0.21,0.1,0.19,0.25,0.48,0.14,0.21,0.12,0.05,0.54,0.06,0.15,1.42,3.33,,0.54,0.14,,,0.03,0.15,0.22,0.55,0.17,0.27,0.53,,,,0.16,0.19,0.12,0.2,0.25,0.03,0.08,0.19,0.11,0.06,0.21,0.11,0.04,0.43,0.08,0.05,,,,,,,,,0.06,0.1,0.03,0.09,0.02,0.18,,0.13,,,0.02,,,0.13,0.2,,0.15,,,0.11,0.17,0.06,,0.01,,,,,,,,0.05,,0.02,,,0.47,,,,,,,,,,,,,,
厦门市,,,,,,0.15,0.37,0.19,0.19,0.21,0.34,0.25,,2.02,0.17,0.53,0.2,0.32,0.82,0.17,,0.77,0.74,1.05,0.61,,0.38,0.29,,0.24,0.81,,,0.07,,,,,0.05,,,,,,,,0.09,,,,,,,0.07,,0.03,,0.06,,0.06,0.03,,0.06,,,0.04,,,,0.12,,,,0.04,0.03,,0.04,0.07,,0.12,0.33,0.07,,0.17,,0.05,0.06,0.45,0.16,,,,0.09,0.1,0.19,0.22,,,,,,0.08,0.06,0.08,0.05,0.07,0.14,0.1,0.16,0.08,0.08,0.04,,0.07,0.17,0.14,0.22,0.05,,,0.16,0.13,0.11,,0.11,0.11,0.13,0.22,0.21,,0.18,0.06,0.23,0.17,0.07,0.23,0.14,0.06,0.19,0.22,0.1,5.76,,7.87,12.78,28.2,48.72,6.26,25.76,3.76,0.52,0.5,0.64,0.86,0.36,2.19,2.43,1.13,1.12,2.48,1.59,0.06,0.11,,,,,0.07,,,,0.07,,,,,,0.18,0.09,0.28,0.16,0.2,0.16,0.24,,0.31,0.11,0.49,0.19,0.21,0.53,0.09,0.33,0.63,0.26,0.4,0.05,,0.06,0.07,0.07,,,0.03,0.1,0.05,,,,0.4,0.08,0.2,0.04,0.06,0.14,0.16,0.14,0.33,0.12,0.18,0.11,0.36,0.17,0.42,0.12,0.03,0.16,0.03,0.31,0.05,0.05,0.12,0.05,0.01,0.08,0.2,0.15,0.13,,0.05,0.11,0.03,0.4,0.22,0.04,0.14,0.16,0.21,0.02,0.06,0.12,0.07,0.03,0.03,0.09,0.06,0.12,,0.13,,0.4,,0.4,0.1,0.21,0.05,0.97,0.15,0.18,0.74,0.44,0.15,0.06,0.39,0.06,0.47,0.32,0.42,0.06,0.72,0.16,,0.04,0.11,0.23,0.16,0.65,0.45,0.4,1.81,0.4,0.4,0.4,0.18,0.23,0.15,0.13,0.32,0.05,0.15,0.13,0.15,0.11,0.16,,0.11,0.09,0.21,,,,,,,,,0.07,,0.1,0.05,0.11,0.03,0.48,,0.29,0.08,,,0.3,,0.17,0.03,,0.1,,0.09,0.05,0.11,0.44,,,,,,,,,,0.05,0.15,0.07,0.04,0.14,0.41,0.4,,,0.29,0.4,,,0.4,0.4,0.4,0.23,0.4,0.4,0.4
莆田市,,,,,,,,,,,,0.07,,0.34,,,,0.16,0.27,0.05,,0.32,0.19,0.34,0.25,0.18,,,,,,,,,,,,,,,,,,,0.04,,,0.03,,,,,,,,,,,,,,,,,,,,,,,,,,,,,,,,,,,,,0.1,,,,,,,,,,,,,,,,,,,,,,,,,,,,,,0.06,,0.13,,0.04,,,0.06,0.06,,0.06,0.05,,0.06,0.04,,0.04,0.04,0.1,0.08,0.03,,,,0.05,0.07,,8.42,2.19,,2.6,8.05,0.91,1.74,0.86,1.68,,0.72,0.18,0.13,0.26,0.24,0.22,0.35,0.21,0.32,0.26,,,,,,,,,,,,,,,,,,,,,,,,,,,0.14,,,,,,0.08,,,,,,,,,,,,0.02,,,,,,0.04,,0.13,,,0.06,0.3,,0.06,0.11,0.2,,0.2,,,,,0.07,,0.03,0.03,0.03,0.01,,0.08,,0.04,,0.02,0.06,,0.09,0.04,0.02,,,,0.02,0.07,,0.01,0.02,0.02,0.04,,0.04,,,,,,,,,,0.19,,,,0.06,,,0.11,,,0.18,0.4,,,,,,,0.07,0.27,0.26,0.11,0.2,0.17,,,,0.04,0.04,,0.46,,,0.02,0.05,0.08,0.04,0.18,,0.05,0.15,0.29,,0.07,,,,,,,,,,,,,,,0.11,,,,,,,,,,,,,,,,,,,,,,,,,,,0.02,,,,,,,,,,,,,,,,
三明市,,,,,,,,,,,0.24,0.06,,0.55,,,,0.16,0.22,0.04,,0.21,,0.24,,,,,,,,,,,,,,,,,,,,,,,,,,,,0.07,,,,,,,,,,,,,,,,,,,,,,,,,,,,,,,,,,,,,,,0.06,,,,,,,,,,0.31,,,,,,,,,,,,,,0.08,0.09,0.16,,,0.05,0.13,0.17,,,0.27,,,0.07,,,0.05,,,0.08,,,0.06,,0.06,,,7.17,3.26,2.28,,4.61,1.73,10.54,8.21,2.2,0.2,0.14,0.17,0.15,0.24,0.2,0.93,0.2,0.42,0.82,0.18,,,,,,,,,,,,,,,,,,,,,,,,,,,0.08,0.06,,,,,,0.09,,,0.06,,,,,0.08,,0.02,0.05,,,,,,0.04,,0.06,,,,0.23,0.05,,0.04,0.41,0.06,0.16,,0.04,,,0.06,,,,,,0.04,0.07,0.08,0.04,0.02,0.02,,0.01,0.09,0.06,,,,0.09,0.02,0.07,,,,,0.02,,0.04,0.03,,,,,,,,,,,,,,,,0.08,,,,0.07,,,,,,,,0.08,0.19,,0.05,0.24,,,,,0.03,,,,,0.02,,,,,,,,,,,,,,,,,,,,,,,,,,,,,0.05,,,,,,,,,,,,,,,,,,,,,,,,,,,,,0.08,,,,,,,,,,
泉州市,,,,,,0.2,0.11,,0.11,0.22,0.83,0.62,,4.19,0.23,0.6,0.21,0.93,1.25,0.38,,3.25,1.3,2.29,0.83,,0.3,0.11,,0.17,0.72,0.17,,,,0.1,0.09,,,,,,0.03,,,0.11,,0.02,,,0.02,,,,,,,,,0.09,0.03,,0.12,0.03,,0.06,,0.06,0.04,,0.07,0.05,0.06,0.07,,,0.05,,,0.05,0.07,,,,,0.04,,,,,0.06,,,,,,,0.12,,,,0.09,0.1,0.13,0.06,0.1,0.12,,0.1,0.1,,0.05,0.09,0.06,0.3,0.3,0.7,0.1,0.08,0.24,0.35,0.25,0.29,0.41,0.27,0.11,0.13,0.41,0.44,0.05,0.21,0.06,1.64,0.24,0.13,0.52,0.23,0.09,0.65,0.46,0.06,9.69,27.33,22.94,16.48,,11.26,6.39,9.98,4.7,0.86,2.28,0.93,2.37,1.35,2.65,5.17,3.44,2.16,4.14,3.15,0.06,0.13,,0.11,,0.1,0.13,0.1,0.08,,,,,,,,0.18,0.08,0.24,0.22,0.4,,,0.12,,,0.33,0.38,,0.63,0.25,0.4,0.48,0.71,0.46,0.04,,0.06,,0.07,,,,0.08,,0.06,,0.14,0.46,0.14,0.17,0.1,0.32,0.61,0.35,0.47,0.63,0.11,0.36,0.32,1.44,0.36,1.74,0.15,0.22,0.21,0.13,0.58,0.1,0.15,0.08,0.08,0.07,0.13,0.26,0.19,0.1,0.03,0.1,0.2,0.1,0.32,0.29,0.14,0.23,0.23,0.54,0.1,,0.08,0.06,0.05,0.08,0.37,0.33,0.27,0.23,0.13,,0.46,,0.46,0.12,0.19,0.2,0.88,0.21,0.37,0.22,0.53,0.09,0.11,0.44,0.15,0.32,2.7,1.58,,1.08,0.27,,,0.16,0.39,0.33,1.75,0.74,1.38,2.33,0.46,0.46,0.46,0.16,0.31,0.15,0.19,0.47,0.03,0.08,0.21,0.13,0.14,0.53,,0.09,0.49,0.12,0.05,,,,,,,,0.06,0.04,0.06,0.07,0.04,,0.27,,0.36,0.05,,,,,0.1,,,0.05,,0.08,0.08,,0.02,,,,,,,,,,0.04,,,0.24,0.04,,0.46,,,,0.46,0.06,0.07,0.46,0.46,0.46,0.15,0.46,0.46,0.46
漳州市,,,,,,,0.14,0.11,,,0.31,0.13,,0.61,,0.17,0.13,0.18,2.09,0.16,,0.43,0.18,0.35,0.24,,,,,,,,,,,,,,,,,,,,0.06,,,,,,,,,,,,,,,,,,,,,,,,,,0.09,0.06,,,,,,,,0.05,0.07,0.06,,,,0.03,0.08,,0.09,,0.06,0.35,0.04,0.06,,,,0.16,,,,0.05,,,0.07,,,,0.05,,0.07,,,0.05,0.07,0.11,0.36,0.08,0.04,,0.12,0.08,0.31,0.15,,,,0.1,0.17,,0.1,,0.08,0.05,0.06,0.15,0.08,,0.1,,,3.99,37.59,2.05,3.95,8.05,,1.55,12.07,1.75,0.21,0.23,0.21,0.29,0.24,0.46,0.93,0.4,0.49,0.46,0.29,,,0.06,,,,,,,0.08,0.03,,,,,,0.13,,0.09,0.14,0.1,,0.08,,,,0.13,0.12,,0.16,,0.07,0.13,0.11,,,0.06,,0.07,0.03,,,,0.02,0.05,,,0.08,,0.05,0.05,,0.06,0.07,0.17,0.08,0.26,,0.04,0.11,0.18,,0.28,0.11,0.06,0.15,0.02,2.86,0.06,0.09,0.14,0.05,0.03,0.14,0.73,0.48,0.1,0.04,0.05,0.13,0.04,4.66,0.53,,0.06,0.06,0.22,0.05,0.2,0.06,0.01,0.05,0.07,0.09,0.09,0.06,0.1,0.11,,,,,,0.09,0.02,0.24,0.05,0.06,0.07,0.15,0.05,,0.08,,0.09,,0.12,,0.12,0.04,,0.04,0.03,0.06,0.11,0.28,0.15,0.13,0.44,,,,0.03,0.07,,0.06,0.06,,,0.05,0.05,0.15,0.24,,0.06,0.09,,0.1,,,,,,,,,,,,,0.02,,,,,,,,,,,,,,,,0.06,,,,,,,,,,,,,,0.07,,,,,,,,,,,,,,,,
南平市,,,,,,,,,0.17,,0.9,,,0.79,,,,0.38,,0.05,,0.24,,0.42,,,,,,,,,,,,,,,,,,,,,,,,,,,,,,,,,,,,,,,,,,,,,,,,,,,,,,,,,,,,,,,,,,,,,,,,,,,,,,0.06,0.05,,,,,,,,,,,0.03,0.14,0.09,0.46,0.13,0.04,0.07,0.41,1.42,,0.14,3.04,,,0.07,0.04,,,,,0.1,0.03,,,,,0.06,0.04,8.6,1.43,1.19,9.62,1.2,0.57,,1.11,4.51,0.43,0.43,0.09,0.29,0.46,0.56,0.25,0.18,0.69,1.28,0.93,,,,,,,,,,,,,,,,,,,0.07,,,,,,,,,0.06,,,,,,,,,,0.06,,,,,0.03,,0.02,,,0.02,,0.04,0.09,,0.06,0.13,0.07,0.39,0.33,0.03,0.12,0.08,0.77,0.08,0.85,,,,,0.03,,,,,,,,0.03,0.02,,,,,0.04,0.04,,,,0.13,0.02,,0.04,0.01,,,,0.16,0.03,,0.03,,,,,,,,,,,,,,,,,0.09,0.13,0.11,,,,,,,,0.08,0.38,0.12,0.07,0.5,,,,,,,,0.07,,,0.05,,,0.09,,,,,,,,,,,,,,,,,,,,,,,,,,,,,,,,,,,0.02,,,,,,,,,,,,0.02,,,,,,,,,,,,,,,,,
龙岩市,,,,,,,,,,,,,,0.59,,,,0.09,0.8,0.05,,,,0.11,,,,,,,,,,,,,,,,,,,,,,,,,,,,,,,,,,,,,,,,,,,,,,,0.07,,,,,,,,,,,,,,,,,,,,0.06,,,,,,,,,,,,,,,,,,,,,,,,,,,,,,,0.12,,,0.09,,,,,,,,,0.05,,,,,,,,2.45,6.05,0.76,8.21,2.52,5.33,1.02,,0.52,,0.04,,0.08,0.09,0.29,2.08,0.14,0.08,0.28,0.04,,,,,,,,,,,,,,,,,,,,,,,,,,,,,,,,,,,,,,,,,,,,0.02,,,,0.05,,,,0.04,,,,,0.17,0.03,0.08,,0.08,0.06,0.19,0.05,0.04,0.06,,0.17,0.03,0.02,,,,0.05,2.43,,0.1,,0.01,0.06,0.01,0.31,0.09,0.0,,,0.11,,,,,0.02,0.01,,0.08,0.03,,,,,,,,,,,,,,0.16,,,,,,,0.08,,,,,,,,0.04,0.07,,,0.16,,,,,,,,,,,,,,,,,,,,,,,,,,,,,,,,,,,,,,,,,,,0.06,,,,,,,,,,,,,,,,,,,,,,,,,,,,,,,,,,,
宁德市,,,,,,,,,0.21,0.15,1.93,0.07,,0.24,,,,0.09,0.22,0.05,,,,0.12,0.16,,,,,,,,,,,,,0.05,,,,,,,,,,,,,,,,,,,,,,,,,,,,,,,,,,,,,,,,,,,,,,,,0.04,,,,,,,0.04,,,,,,,,,,0.16,,0.07,0.08,0.08,0.05,,,,,,,0.11,0.33,5.2,0.08,0.05,0.11,0.23,0.2,0.47,0.76,0.68,,,0.07,0.04,,,,0.08,0.07,,,0.05,,0.05,0.08,0.04,15.88,0.97,1.34,2.37,1.47,0.6,4.76,0.57,,0.09,0.38,0.22,0.21,0.46,0.14,0.1,0.11,0.2,0.25,0.14,,,,,,,,,,,,,,0.12,,,,,,0.14,0.14,0.12,,,,,0.11,,,,,,,,,,,,,,,,,,,,,,,,,,,,,,0.12,0.03,0.05,,0.09,,0.08,,,,,0.14,,,,,,,0.03,0.03,0.02,0.07,0.04,,,0.09,0.02,,,,,,,0.04,0.01,,0.05,0.04,0.06,,,0.02,0.04,,,,,,,,,,,,,,,,,,0.08,,0.1,,,,,,,0.13,,0.06,,,,,,0.12,0.03,,,0.08,,,0.03,0.05,0.07,,,0.13,,,,,,,,,,,,,,,,,,,,,0.05,0.05,0.04,,,,,,,,,,,,,,,,,,,,,,0.09,,,,,,,,0.06,,,,,,,,
南昌市,0.18,,0.19,0.17,,0.2,0.2,0.12,0.31,0.32,0.67,0.32,1.09,,0.24,0.28,0.3,0.55,0.64,0.11,0.53,0.24,0.17,0.19,0.19,0.18,0.23,0.44,0.11,0.3,,0.15,0.11,,0.13,0.18,0.18,0.06,,0.15,0.04,0.09,0.06,,,,,,0.05,0.29,0.05,,,0.1,,0.03,0.07,0.04,,,,0.02,0.12,0.03,0.03,0.06,0.1,0.07,,,,,,,0.03,,0.05,0.12,,0.1,0.09,,0.05,0.08,0.1,,0.1,,0.12,,,0.08,,,,,0.18,,0.11,0.04,,0.15,0.08,0.14,0.13,0.11,0.13,0.11,0.19,0.14,0.16,0.16,0.12,0.06,0.25,0.27,0.25,0.12,0.1,0.13,0.56,0.27,,0.29,0.27,0.32,0.36,0.17,0.16,0.19,0.06,0.1,0.56,0.35,0.08,0.13,0.13,0.09,0.13,0.51,0.18,0.53,0.21,0.32,0.41,0.38,0.16,0.9,0.25,0.31,,7.25,4.99,14.04,9.96,7.55,2.73,7.23,18.63,13.63,6.87,0.07,0.09,,0.09,0.06,0.06,0.13,0.1,0.08,,,,0.12,,0.08,,0.16,0.18,0.1,,,0.11,0.12,0.11,0.16,,0.09,0.1,0.08,0.31,0.11,0.27,0.17,0.18,,0.16,0.06,0.06,,0.03,,0.08,,,0.2,0.06,,,,0.46,0.41,0.23,0.23,0.21,0.31,0.23,0.28,0.14,0.2,0.13,0.25,0.21,0.38,0.13,0.14,0.16,0.04,0.11,0.06,0.06,0.1,,0.02,0.08,0.05,,0.04,,0.05,0.09,0.04,0.1,0.06,,0.09,0.04,0.15,0.04,0.18,0.06,0.02,0.02,0.05,,0.08,0.04,0.03,0.02,0.09,,,,0.07,,,0.12,,0.22,,,,,,0.07,,,0.13,,,,,,0.06,0.07,0.05,0.15,0.05,0.06,0.23,,,,0.08,0.03,0.02,0.05,0.06,0.05,,,,0.09,0.08,0.09,0.05,0.13,,,0.03,,,,,,,0.08,0.08,0.07,0.03,0.07,,,,0.15,,0.42,,0.05,0.1,0.07,0.15,,,0.06,0.09,0.05,,0.35,,,,,,,,,,0.07,,0.2,0.12,0.08,0.13,,,,,,,,,,,,,,
景德镇市,,,,,,,,,0.1,,0.48,0.15,0.27,,,,,,,,,,,,,,,,,,,,,,,,,,,,,,,,,,0.11,,,,,,,,,,,,,,,,,,,,,,,,,,,,,,,,,,,,,,,,,,,,,,,,,,,,,,,0.06,,,0.06,,,,0.04,,0.07,,,,0.12,0.1,0.12,,0.04,0.18,0.61,0.47,,0.15,0.08,0.09,0.11,0.05,0.09,0.08,,0.04,0.21,1.05,0.05,,,0.08,,0.45,0.13,0.15,0.03,,0.09,0.09,0.03,0.17,0.11,,2.25,,0.29,3.34,0.31,1.46,0.08,0.22,0.38,1.11,5.12,,,,,,,,,,,,,,,,,,,,,0.09,,,,0.12,,,,,0.18,,,,,,,,,,,,,,,0.02,0.06,,,,0.05,,,,,,,,,,,,,0.05,,,,,,,,,,,,,,0.03,,,,,,0.02,,,,,0.02,,,,,,,,,,,,,,,,,,,,,,,,,,,,,,,,,,,,,,,,,0.06,,,,,,,,,,,,,,,,,,,,,,,,,,,,,,,,,,,,,,,,,,,,,,,,,,,,,,,,,,,,,,,,,,,,,,,,,,,,,,
萍乡市,,,,,,,,,,,,,,,,,,1.23,0.3,0.04,,,,0.24,,,,,,,,,,,,,,,,,,,,,,,,,,,,,,,,,,,,,,,,,,,,,,,,,,,,,,,,,,,,,,,,0.1,,,,,,,,,,,,,,,,,,,,,,,,,,,,,,0.05,,,,0.04,,,,,,,,,,,,,,,,,,,,,0.03,,,,,,0.06,,1.21,0.17,,0.26,2.44,0.34,0.24,1.17,2.98,0.32,0.12,,,,,,,,,,,,,,,,,,,,,,,,,,,,,,,,,,,,0.02,,,,,,,,,0.05,,,,,1.58,4.48,0.34,0.1,0.07,0.21,0.07,0.11,0.14,0.15,0.06,0.12,0.23,0.11,0.05,0.03,0.09,0.03,,0.02,0.02,,,0.01,0.04,0.01,,,,,0.06,0.04,,0.03,,,0.07,,0.02,,,,,,,,0.03,0.03,,,,,,,,,,,,,,,,,,0.06,,,,,,,,,0.04,0.11,0.19,0.16,0.07,0.11,,,,,,,,,,,,,,,,,,,,,,,,,,,,,,,,,,,,,,0.02,,,,,,,,,,,,,,,,,,,,,,,,,,,,,,,,,,,,,,,,
九江市,,,,,,,,,0.2,0.35,0.65,0.47,0.51,,0.21,0.24,4.47,0.51,0.56,0.06,,0.2,,0.28,0.2,,,,,,,,,,,,,,,,,,,,0.06,,,,,,,,,,,,,,,,,,,,,,,,0.04,,,0.05,,,,,,,,,,,,,,,,,,,,,,,,,,,,,,0.2,0.11,0.15,0.15,0.15,0.1,0.07,0.07,0.15,0.21,0.12,0.11,0.12,0.23,0.24,0.55,0.1,0.08,0.13,0.32,0.32,0.06,0.25,0.23,0.31,0.49,0.12,0.13,0.26,0.08,0.43,1.87,0.22,0.08,0.12,0.11,0.11,0.1,1.15,0.2,0.17,0.14,0.22,0.14,0.31,0.1,0.19,,,10.1,5.0,1.05,,2.15,0.93,0.32,0.71,1.52,0.94,1.38,,0.08,0.09,0.13,,,,0.1,0.08,,,0.03,0.22,,,,,,0.1,,0.11,,0.11,0.19,,,0.08,0.06,,0.25,,0.21,0.13,0.27,,0.25,6.26,0.06,0.24,0.07,0.19,0.08,,0.16,5.62,3.13,,0.02,,0.35,0.11,0.1,0.12,0.07,1.1,0.2,0.17,0.21,0.09,0.06,0.22,0.06,0.53,0.08,0.13,0.13,0.03,0.24,0.09,0.04,0.04,,0.01,0.06,,,0.02,0.04,0.02,0.09,0.05,0.04,0.05,0.01,0.05,0.03,0.09,,0.06,,,,0.02,,0.04,0.04,0.03,,0.05,,,,,,,,,,,,,,,,0.07,0.08,0.08,,,,,,0.05,0.05,0.11,0.22,,0.12,0.27,,,,0.06,,0.06,0.06,0.17,,,0.06,,,0.07,,0.03,0.07,0.08,,,,,,,,,,,,,,,,,,0.05,,,,,,,,,,,,,0.03,,,,,,,,,0.03,,,0.05,,,,,,,,,,,,,,,,,
新余市,,,,,,,,,,,,,,,,,,0.09,,,,,,0.11,,,,,,,,,,,,,,,,,,,,,,,,,,,,,,,,,,,,,,,,,,,,,,,,,,,,,,,,,,,,,,,,,,,,,,,,,,,,,,,,,,,,,,,,,,,,,,,,,,,,,,,,,,,,,,,,,,,,,,,,,,,,0.06,0.12,,1.09,0.16,1.32,0.18,,0.29,0.18,1.18,3.24,0.19,0.11,,,,,,,,,,,,,,,,,,,,,,,,,,,,,,,,,,,,,0.12,,,0.14,,,,,,,,,,0.06,0.13,0.04,,,,,0.06,,,,0.09,,0.13,,,,,,,,,,,,,,0.03,,0.03,,,,,,,,,,,,,,,,,,,,,,,,,,,,,,,,,,,,,,,,,,,,,,,0.08,,,0.1,,,,,,,,,0.01,,,,,,,,,,,,,,,,,,,,,,,,,,,,,,,,,,,,,,,,,,,,,,,,,,,,,,,,,,,,,,,,,,,,,
鹰潭市,,,,,,,,,0.13,,0.45,,0.27,,,,,0.09,,,,,,0.09,,,,,,,,,,,,,,,,,,,,,,,,,,,,,,,,,,,,,,,,,,,,,,,,,,,,,,,,,,,,,,,,,,,,,,,,,,,,,,,,,,,,,,,,,,,0.14,0.17,,0.06,0.06,0.11,0.46,0.26,,0.26,0.07,,0.06,,,,,,,,0.03,,,,,,,0.17,0.04,,0.08,0.1,,0.35,,,1.76,1.26,0.24,0.28,0.6,,0.18,0.24,0.35,2.92,3.58,,,,,,,,,,,,,,,,,,,,,,,,,,,,,,,,,,,,,,0.12,,,,,,,,,,,,,0.06,0.03,,,,,0.08,,,,0.13,,0.14,,,,,,0.02,,,,,,0.01,,0.01,,,,,,,,,,,,,,,,,,,,,0.03,,,,,,,,,,,,,,,,,,,,,,,,,,,,,,,0.06,,,,,,,,,,,,,,,,,,,,,,,,,,,,,,,,,,,,,,,,,,,,,,,,,,,,,,,,,,,,,,,,,,,,,,,,,,,,,,
赣州市,,,,,,,,,0.28,0.32,0.77,0.36,3.31,,0.24,0.56,0.21,0.64,5.32,0.24,0.54,0.23,,0.29,,,,,,0.09,,,,,,,,0.05,,0.09,,0.08,,,,0.07,,,0.05,0.12,0.04,,,,,0.01,,,,,,,,,0.03,,,,,0.07,0.07,0.08,0.08,,,,0.06,,0.07,,,0.03,0.05,,0.05,,,,,0.05,,,,,,,,,,,,0.11,0.11,0.11,0.22,0.17,0.15,0.08,0.1,0.11,0.16,0.1,0.12,0.05,0.21,0.35,0.28,0.27,0.09,0.26,0.71,0.36,0.06,0.17,0.09,0.2,0.22,0.17,0.22,0.16,0.08,0.08,0.49,0.22,0.12,0.26,0.12,0.2,0.35,0.22,0.16,0.43,0.94,0.31,2.45,1.15,0.7,0.51,4.41,0.28,4.7,1.17,1.52,1.29,2.47,1.48,,10.86,2.66,4.79,1.24,0.05,,0.06,0.06,,0.1,0.14,0.14,,,,,0.15,0.05,,,0.16,,0.12,,0.19,,,,,0.15,0.14,0.19,,0.58,0.17,0.61,0.43,1.03,0.58,0.04,,,0.03,,,,,0.02,0.32,,0.1,0.02,0.58,0.25,0.27,0.15,0.27,0.2,0.28,0.26,0.2,0.1,1.32,0.3,0.29,0.29,0.37,0.98,3.07,0.74,0.27,0.86,0.49,0.4,0.24,0.14,0.13,0.61,2.23,0.17,2.47,0.29,0.37,0.88,0.4,0.86,0.69,0.16,0.11,0.11,0.36,0.12,0.14,,0.02,0.1,0.21,,0.22,0.11,0.09,0.04,0.09,0.58,,0.58,,,,0.11,,,,,,0.08,,0.06,,0.09,,,,,,0.09,0.07,0.04,0.08,0.15,0.19,0.12,0.28,0.58,0.58,0.58,,,,,0.06,0.03,,,,0.04,0.08,,,,,,,,,,,,,,,,,,,,,0.15,,,0.02,,,,,0.12,,,,,,,,,,,,,,,,,,0.08,,0.04,,0.58,,,,0.58,0.06,,0.58,0.58,0.58,0.07,0.58,0.58,0.58
吉安市,,,,,,,,,,,0.38,0.12,0.68,,,0.31,0.14,0.42,1.18,0.1,,0.19,,0.47,0.15,,,,,,,,,0.07,,,,,,,,,,,,,,,,,,,,,,,,0.04,,,,,,,,,,,,,,,,,,,,,,,,0.06,,,,0.11,,,,,0.12,,,,,,,,,,,,0.05,,,,,,,,,,,0.05,0.12,0.13,0.22,0.07,0.07,0.05,0.25,0.21,0.06,0.22,0.12,0.1,,0.07,0.05,,,,0.11,,0.03,0.15,0.05,0.04,0.09,0.07,0.1,0.17,0.18,0.13,0.22,0.38,0.19,0.17,0.36,0.06,4.58,0.58,3.59,0.88,6.18,0.87,4.4,,3.27,1.88,0.33,,,,,,,,,,0.08,,,,,,,,,0.11,,0.1,0.18,0.19,0.11,,,0.1,0.23,,0.25,0.13,0.22,0.2,0.49,,0.04,0.06,,,,,,,,0.2,,,0.02,,0.19,0.66,0.09,0.26,0.1,0.07,0.17,0.12,0.06,0.55,0.11,0.28,0.08,0.21,0.18,0.22,0.31,0.06,0.13,0.09,0.08,0.06,0.05,0.03,0.23,0.07,0.03,0.2,,0.05,0.31,0.1,0.05,0.12,0.04,0.03,0.12,0.16,0.03,,,0.01,0.03,0.05,0.03,0.03,0.06,0.05,,,,,,,,,0.09,,,,,,,,,,,,,,,,,,0.05,0.24,0.43,0.23,0.11,0.35,,,,0.06,0.04,0.03,,,0.08,,0.06,0.04,0.07,0.1,,,,,,,,,,,,,,,,,,,,,,,,0.02,,,,,0.15,,,,,,0.03,,,,,,,,,,,,,0.02,,,,,,,,,,,,,,,,
宜春市,,,,,,,,,0.15,0.15,0.56,0.14,0.59,,,,0.41,0.88,0.72,0.15,,0.46,,0.76,0.21,,,,,,,,,,,,,,,,,0.15,,,,,,,,,,,,,,,,,,,,,0.06,,,,,,,,,,,,,,,,,,,,,,,,,,,,,,,,,,,,,,,,0.06,0.13,0.04,0.07,,0.07,0.04,0.06,0.07,0.03,,,0.18,0.16,0.35,0.07,0.06,0.13,0.46,0.22,,0.29,0.26,0.2,0.09,0.11,0.06,0.1,,0.04,0.07,0.24,0.05,0.11,,0.05,,0.11,0.21,0.23,0.13,0.16,0.29,0.34,0.04,0.3,0.13,,13.75,0.72,12.21,1.69,22.09,1.31,0.87,3.49,,1.89,0.69,,,0.07,0.1,,0.06,,,,,,,0.08,,,,,,,,,,,,0.21,,,,,,,0.1,,0.19,0.45,,0.06,,,0.07,,0.21,0.03,,0.71,0.06,,,0.45,1.05,0.62,0.37,0.23,0.18,0.21,0.2,0.42,0.18,0.17,0.19,0.65,0.26,0.84,0.09,0.13,0.18,0.04,0.08,0.09,0.09,0.05,0.02,0.01,0.13,0.07,0.02,0.11,,0.08,0.15,0.04,0.11,0.05,,0.05,0.2,0.23,0.02,,,0.01,0.08,0.03,,0.03,0.17,0.14,,,0.45,,0.45,,,0.07,0.12,,,,,,,,,0.11,0.1,,,,,,,0.08,0.11,0.18,0.65,0.32,0.22,0.58,0.45,0.45,0.45,,0.05,0.03,,0.17,0.08,0.07,0.04,0.04,,0.11,0.13,,0.07,,,,,,,,,,,,,0.04,,0.02,,0.08,,,,,,,,,,,,,,,0.02,,,,,,,,,,,,,,0.04,,0.45,,,,0.45,,,0.45,0.45,0.45,,0.45,0.45,0.45
抚州市,,,,,,,,,0.25,0.21,0.82,0.16,1.34,,,0.26,,0.22,0.66,0.11,,,,0.15,,,,,,,,,,,,,,,,,,,,,,,,,,,,,,,,,,,,,,,,,,,,,,,,,,,,,,,,,,,,,0.1,,,,,,,,0.04,,,,,,,,,0.09,0.07,0.09,0.09,0.13,0.08,0.05,0.04,0.1,0.1,0.07,,0.04,0.31,0.33,0.3,0.2,0.13,0.19,0.69,0.44,,0.27,0.12,0.06,,0.09,0.07,0.11,0.05,0.06,0.14,0.08,0.08,0.13,0.08,0.03,0.18,0.17,0.13,0.39,0.37,0.18,0.78,0.42,0.14,1.81,0.34,0.19,7.58,1.45,0.6,0.76,1.06,7.36,1.52,1.43,1.3,,0.98,,,,,,,,,,,,,0.09,,,,,,0.08,,0.09,,,,,,0.1,0.18,,0.52,0.09,0.09,0.16,0.31,,,,,,,,0.08,0.03,,0.05,,,,,0.09,0.12,0.08,0.07,0.09,0.09,0.07,0.22,0.02,0.07,0.07,0.27,,0.4,0.09,0.08,0.17,,0.25,0.05,0.03,,0.03,0.02,0.09,0.08,0.04,0.08,,0.06,0.12,0.02,0.25,0.18,0.0,0.06,0.07,0.27,0.02,,,0.01,0.02,,,0.06,0.05,0.14,,,,,,,,,,,,,,,,,,,,0.07,,,,,,,,0.04,0.11,0.08,,0.16,,,,,,,0.04,,,,,,,,,,,,,,,,,,,,,,,,,,,,,,,,,,,,,,0.04,,,,0.06,,,,,,,,,,,,,,,,,,,,,,,,,,,,,
上饶市,,,,,,,,,0.43,0.22,3.5,0.24,1.38,,,,0.14,0.5,0.34,0.07,0.26,0.23,,0.61,0.36,,,,,,,,,,,,,,,,,,,,,,,,,,,,,,,,,,,,,,,,,,,,,,,,,,,,,0.04,,,,,,,,,,,,,0.12,,0.04,,,,,,,,,0.11,,,0.13,0.15,0.1,,0.06,0.09,,0.06,,0.09,1.03,0.79,0.82,0.51,0.3,0.61,3.3,7.32,0.2,0.75,0.83,0.1,0.21,0.08,0.05,0.07,0.04,0.28,0.19,0.96,0.07,0.11,0.05,0.09,0.05,1.16,0.48,0.58,0.39,0.12,0.31,0.35,0.06,2.7,0.09,0.26,8.0,17.75,0.99,2.38,1.81,20.53,0.58,0.99,1.4,2.71,,,,,0.13,,,,,,,,0.06,,,,,,,,0.12,,,0.07,,,,0.09,,0.16,0.21,,0.08,0.09,0.1,0.71,0.02,0.06,,,,0.09,,0.03,,0.08,0.06,,0.02,0.71,0.2,0.21,0.16,0.13,0.18,0.14,0.19,0.46,0.12,0.06,0.22,0.54,0.15,1.07,0.06,0.04,0.06,,0.06,0.03,0.02,,0.03,0.02,0.03,0.04,,0.02,,0.03,0.07,0.05,0.09,0.02,,0.06,,0.2,,,,,0.03,,0.02,0.02,0.03,,,,0.71,,0.71,,,0.02,0.13,,,,,,,,,0.14,,,,,,,,,0.09,0.3,0.3,0.33,0.34,0.43,0.71,0.71,0.71,0.06,0.08,,,0.38,0.03,0.04,,,0.04,0.2,0.06,0.06,,,,,,,,,,,,,,,,,,,,0.03,,0.05,,,,,,,,,0.04,,,,,,,,,,,,,,,,,,0.71,,,,0.71,,,0.71,0.71,0.71,0.07,0.71,0.71,0.71
济南市,0.74,0.75,1.15,0.48,0.29,0.68,0.58,0.64,0.19,0.62,0.32,0.26,0.36,0.12,,0.53,,0.09,,0.04,0.44,,0.25,,,,0.32,0.21,0.44,0.13,0.4,0.84,0.41,0.21,1.05,1.03,0.54,0.16,0.34,1.08,0.29,0.98,0.14,0.14,0.51,0.32,,0.22,0.21,0.25,0.15,0.16,0.1,0.12,0.08,,0.32,0.15,0.05,0.12,0.1,0.05,0.24,0.18,0.03,0.19,0.31,0.2,0.26,0.12,0.28,0.11,0.13,0.18,0.09,0.05,0.08,0.14,0.37,0.21,0.25,0.16,0.24,0.15,0.46,0.16,0.21,0.35,0.47,0.15,0.12,0.53,0.34,0.16,0.99,0.25,0.36,0.25,0.11,0.25,,0.13,0.16,0.59,0.12,0.07,0.49,0.22,0.21,0.33,0.29,0.13,0.17,0.32,0.09,0.1,0.29,0.05,0.08,0.05,0.14,,,0.28,0.08,0.19,0.21,0.15,0.09,0.17,0.13,0.1,0.18,0.12,0.13,0.18,0.22,0.09,0.14,0.15,0.1,0.12,0.05,0.31,,0.19,,0.27,,0.11,0.28,0.08,,0.08,,0.31,0.03,,,0.06,0.07,,4.48,11.77,5.43,5.64,4.64,5.48,9.3,23.12,3.56,3.13,33.33,5.01,30.04,14.47,11.32,10.29,0.22,0.31,0.26,0.09,0.51,0.17,0.27,0.21,1.35,0.14,0.19,0.21,0.18,0.36,0.13,0.26,0.24,0.46,0.02,,,0.03,,,,,,0.02,,,,0.46,0.06,,0.03,0.09,,,0.08,,,,,,,,0.05,0.05,,,,,,,,,,,,,,,,,,0.02,,0.04,,0.07,0.02,,,0.02,,,,,,,,0.06,0.46,,0.46,0.06,0.1,,,,,0.11,,,0.1,,0.04,,,,0.12,1.19,0.06,,,,,,,,,,0.46,0.46,0.46,0.06,,,0.03,,,,0.04,,,,0.06,0.03,0.07,,0.05,,,,,,,,0.08,,0.08,0.04,0.09,,0.21,0.11,0.3,,0.08,,0.05,0.14,0.09,0.11,0.06,,0.06,0.1,,0.08,0.07,,0.14,,,0.06,,,,0.1,0.05,0.1,,0.07,,0.11,0.46,,,0.12,0.46,,,0.46,0.46,0.46,0.07,0.46,0.46,0.46
青岛市,0.47,0.66,0.97,0.91,0.56,1.32,1.95,2.91,0.33,1.29,0.42,0.31,0.23,0.09,,0.7,0.21,0.09,0.2,,0.31,,0.2,,,0.27,0.45,0.43,0.22,0.15,0.69,0.65,0.54,0.43,1.28,0.68,0.32,0.14,0.32,0.84,0.17,0.51,0.13,0.28,0.2,0.95,0.48,0.13,0.29,0.7,0.28,0.45,0.15,0.1,0.18,,0.34,0.58,0.07,1.83,0.05,0.12,0.36,0.07,0.03,0.27,1.15,0.17,0.3,0.38,0.53,0.44,0.34,0.14,0.06,0.02,0.33,0.21,0.63,0.41,0.97,0.35,0.51,1.73,3.02,0.49,0.63,1.7,1.54,1.17,2.97,1.77,1.45,0.84,2.64,1.75,2.08,2.0,1.08,0.93,2.18,0.13,0.21,0.94,0.21,0.19,0.77,2.71,0.57,0.63,0.33,0.13,0.18,0.44,0.15,0.27,0.22,0.1,0.06,0.11,0.19,,0.2,0.23,,0.19,0.23,0.18,0.05,0.21,0.4,,0.43,0.05,0.2,0.19,0.18,0.12,0.14,0.4,0.13,,,0.22,0.11,0.12,,0.06,,,0.17,0.08,,,,0.53,,,,,,4.0,,5.62,3.43,3.95,33.36,22.14,4.35,5.44,15.49,17.02,3.94,8.18,2.84,2.8,2.87,5.57,0.28,0.31,0.29,0.14,0.56,0.34,0.43,0.62,1.6,0.16,0.15,0.19,0.38,0.38,0.29,0.33,0.34,0.38,,0.06,,0.07,,,,0.03,0.05,0.02,0.19,,,0.38,0.05,,,0.08,,0.1,,0.11,0.03,,,,,0.05,0.05,,0.05,0.03,,,,,,0.0,,,,,,,0.04,,,0.03,,,0.03,,,,0.08,,,,,,,,0.03,0.06,0.38,,0.38,0.08,,0.05,,,0.07,0.18,,,0.05,,0.04,0.07,,,,0.62,0.11,,,0.04,0.04,0.05,,,,,0.38,0.38,0.38,0.04,,,,,,,,,,,,0.03,0.05,0.04,,0.11,,,,,,,0.11,0.06,0.18,0.08,0.17,,0.36,0.05,0.19,0.08,0.16,0.02,,0.12,0.17,,,0.3,,0.11,0.11,0.45,0.06,0.1,0.06,,,,0.04,,,,0.06,0.12,,0.04,,0.38,0.38,,,0.16,0.38,,,0.38,0.38,0.38,0.15,0.38,0.38,0.38
淄博市,0.26,0.41,0.46,0.19,0.12,0.24,0.23,0.3,,0.24,,0.07,,,,,,,,,0.23,,,,,,,,0.11,,0.22,0.45,0.34,0.1,0.32,0.23,0.26,0.2,0.21,0.43,0.12,0.23,0.04,0.07,0.32,0.12,,0.1,0.04,,0.04,,0.11,0.05,,0.03,0.06,0.09,0.03,0.06,0.03,0.12,,,,,0.12,0.08,,,,0.09,0.04,,0.12,0.1,,0.05,0.22,0.07,0.26,,0.02,,0.15,,0.08,0.15,0.3,0.05,0.06,0.17,,0.18,0.06,0.08,0.18,0.06,0.28,0.06,,,,0.14,0.05,,0.12,0.31,0.07,0.15,0.06,0.04,0.07,0.2,,,0.14,,0.05,,,,,,0.04,,,0.05,0.04,0.03,0.03,,0.14,,0.08,,0.05,0.04,,0.1,,,,,,,,0.07,,,,,,,,,,,,,,5.88,2.71,,1.16,8.38,2.03,10.5,1.39,4.09,1.68,1.81,9.02,3.15,1.87,1.23,21.08,1.09,,,0.12,,0.11,,0.19,0.15,0.33,,0.09,0.08,,,,,,,,,,0.03,,,,,,,0.06,,,,,,,,,,,,,,,,,,,0.02,,,,,,,,,,0.02,,,,,,,,,,,,0.08,,,,,,,,,,,,,,,,,,,,,,,,,,,,,,,,0.21,,,,,,,,,,,,,,,,,,,,,,,0.05,,,,,,,,,,,,,,,,,,,,,0.09,,0.03,,,0.05,,0.07,0.09,0.06,,0.09,,,,,,0.03,,,,,,,,0.04,,,,0.04,,,,,0.08,,,0.07,,,,,,,
枣庄市,,,0.19,,,,,,0.16,1.14,,0.16,,,,,,,,,,,,,,,,,,,,0.21,,,0.15,0.19,,0.2,0.13,,0.04,0.12,,0.06,0.1,0.06,0.07,,,,0.03,,,0.04,,,,,,,,,,0.07,,0.08,,,0.1,,0.11,,,,,,,,,,,,0.05,,,0.05,,,,0.1,,,,,,,,,,,,0.16,0.05,3.29,0.07,0.16,0.24,0.18,0.12,0.05,0.09,0.07,0.07,0.21,0.08,,,0.08,0.04,,,,,,,0.05,0.09,0.15,0.05,0.07,0.4,,,,0.03,,0.32,,0.1,,0.03,,,,,,,,,,,,,,,,,,,,,1.48,0.87,0.61,,0.19,0.26,0.49,11.03,0.74,0.38,0.69,1.09,4.76,0.29,0.23,0.23,0.56,0.07,,,,,,,,0.22,,,,,0.1,,,,,,,,,,,,,,,,,,,,,,,,,,,,,,,,,,,,,,,,,,0.01,,,,,,,,,,,,,,,,,,,,,,,,,,,,,,,,,,,,,,,,,,,,,,,,,,,,,,,,,,,,,,,,,,0.03,,,,,,,,,,,,,,,,,,,,,,,,0.06,,,,,,,,,,,,,,,,,,,,,,,,,,,,,,,,,,,,,,,,,,,,
东营市,,0.41,0.46,0.18,0.15,0.25,0.25,0.24,,0.16,,,,,,,,,,,,,,,,,,,,,,0.3,0.22,0.1,,0.12,0.42,0.17,,0.96,0.06,0.43,0.03,0.05,,0.09,,0.05,0.05,,0.18,0.1,0.09,0.04,0.13,,0.19,,0.06,,,,0.06,,,,0.15,0.07,0.03,,0.11,0.1,0.04,0.18,,0.12,0.05,0.12,,,0.22,0.06,0.08,0.13,,0.09,0.19,0.15,,0.05,0.06,0.17,,0.08,0.13,0.08,1.26,0.42,0.05,0.08,,0.04,,0.08,,,,0.27,0.04,0.16,,,0.06,0.04,,,,,,,,,,,,,0.05,,,,0.05,,,,,,0.07,,,0.05,,,,,,,,,,,,,,,,,,,,,,1.5,1.41,5.03,0.5,,2.19,6.49,0.82,1.09,0.74,0.71,0.56,1.03,1.29,0.89,13.46,0.95,,,,,,,,0.12,0.63,,,,,,,,,,,,0.06,,,,,,0.02,,,,,,,,,,,,,,,,,,,,,,,,,,,,,,,,,,,,,,,,,,,,,,,,,,,,,,,,,,,,,,,0.07,,,,,,,,,,,0.06,,,,,,,,,,,,,,,,,,,,,,,,,,,0.03,,,,,,,,,,,,,,,,,,,,,,,,,,,,,,,,0.05,,,,,,,,,,,,,,,,,,,,,,,0.07,,,,,,,
烟台市,0.21,0.37,0.48,0.17,0.19,1.16,0.64,1.03,0.16,0.31,,0.16,,,,0.31,,,,,,,,,,0.36,0.22,0.13,0.09,,0.22,0.28,0.54,0.49,0.53,0.22,0.2,0.06,0.26,0.45,0.06,0.15,,0.04,,,0.09,0.06,0.04,,0.04,0.2,0.05,0.06,0.03,,0.09,0.29,0.04,0.32,,0.04,0.18,0.1,,0.11,2.65,0.12,0.18,0.25,0.37,0.12,0.09,0.09,0.03,0.08,0.07,0.11,0.13,0.19,0.33,0.11,0.05,0.62,0.78,0.09,0.14,0.6,0.36,0.3,1.74,0.7,0.72,0.16,1.19,1.69,0.54,0.67,0.05,0.2,1.55,0.11,0.06,0.16,0.04,0.07,0.18,0.33,0.11,0.1,0.17,0.03,0.08,0.2,,,0.21,,,,,,0.27,,,0.06,0.06,,0.06,,0.04,,0.07,,0.03,0.29,0.1,0.06,0.13,0.11,,,,,,,,,,,0.09,,,,,,,,,,,1.73,16.98,2.08,0.7,4.39,,4.67,0.99,1.2,33.31,1.55,0.69,1.61,0.82,0.88,1.44,1.31,0.1,,0.22,0.1,0.22,0.12,0.23,,0.73,0.11,,0.21,,0.19,,0.23,0.1,,,,,,0.07,,0.08,,,,,,,,,,,,,,,,,,,,,,,,,,,,,,,0.0,,,0.03,,,,,,,,,,,,,,,,,,,,,,,,,,,,,,,,,,0.05,0.05,,,,,,,0.12,0.09,,,,,,,,,,,,,,,,,,,,,0.25,,0.06,,0.09,,,0.04,0.16,0.15,,,,,,,0.05,,,0.04,0.08,,0.11,0.05,0.24,,0.06,,0.05,0.12,,0.09,0.03,,,,,,,,0.02,,,,,,,,,,,0.02,,0.16,,,,,,,0.07,,,,,,,
潍坊市,0.44,0.76,1.28,0.58,0.46,0.88,1.18,1.28,0.17,0.6,0.3,0.14,0.19,,,0.35,0.28,,,,,,,,,0.18,0.21,0.17,0.17,0.11,0.15,1.09,0.87,0.79,1.23,0.73,0.59,0.34,0.28,1.25,0.22,0.68,0.13,0.17,0.1,0.17,0.25,,0.39,0.26,0.25,0.41,0.15,0.19,0.1,0.05,0.38,0.56,0.1,0.45,0.09,0.04,0.18,0.18,0.06,0.14,0.6,0.16,0.13,0.1,0.21,0.26,0.07,0.3,0.13,0.07,0.17,0.47,0.64,0.24,0.79,0.35,0.13,0.52,0.88,0.48,0.48,0.7,0.88,0.35,0.19,0.44,0.43,0.33,1.12,0.63,0.81,1.23,0.68,0.47,,0.1,0.18,0.38,0.1,0.11,0.39,0.65,0.29,0.33,0.25,0.09,0.1,0.32,0.07,0.12,0.16,0.08,0.09,0.16,0.13,,0.18,0.14,,0.07,0.1,0.18,0.05,0.05,0.11,0.07,0.08,,0.07,0.11,0.1,0.03,0.05,0.07,0.11,,,0.12,,0.09,0.04,,,0.09,,0.04,,,,,,,,,,4.37,20.65,17.71,1.36,17.48,9.21,,2.19,3.32,4.33,11.5,4.57,5.91,2.17,2.56,5.35,2.3,0.18,0.19,0.21,0.1,0.27,0.24,0.26,0.12,0.94,0.17,0.15,0.2,,0.18,,0.13,0.12,0.41,0.06,0.12,0.06,0.03,0.14,,0.08,0.03,0.08,0.02,,0.1,0.02,0.41,,,,,,,0.08,,,,,,,,,,0.06,,,,,0.03,0.01,,,0.01,,,,,,,,,,,,,,,,,0.01,,,,,,0.04,,0.41,,0.41,,,,,,,,,,,,,,,,,,,,,0.03,,,,,,,0.41,0.41,0.41,,,,,,,,,,0.12,,0.09,,0.21,0.08,,0.03,,,,,,,,0.06,0.07,0.03,0.1,0.03,0.13,0.1,,,0.05,,0.05,,0.17,,,0.05,,,0.06,0.06,0.05,,0.05,,,,,,,,0.04,0.1,0.02,,,,0.41,,,0.04,0.41,,,0.41,0.41,0.41,0.15,0.41,0.41,0.41
济宁市,0.32,0.28,0.49,0.39,0.16,0.24,0.23,0.19,0.15,1.44,0.18,0.17,,,,0.42,0.13,,,,,,,,,,,,0.2,0.18,,0.41,0.26,0.22,0.7,0.29,0.15,0.1,0.05,0.3,0.13,0.21,0.05,0.05,0.3,0.29,0.22,0.07,0.17,0.26,0.17,0.12,0.13,0.05,0.06,0.01,0.13,0.12,0.06,0.12,,0.02,0.09,,0.06,0.06,0.1,0.03,0.04,0.05,0.09,,0.07,,,0.05,,0.24,0.07,0.08,0.1,0.08,0.05,0.08,0.41,0.06,,,0.16,,0.06,0.26,,0.08,0.19,0.05,,,,0.1,0.31,0.08,0.12,4.27,0.14,0.09,0.12,0.46,0.15,0.11,0.19,0.08,0.16,0.24,,,,0.07,0.1,0.04,,0.11,0.11,,,0.1,0.11,0.13,0.17,,0.28,,,0.03,0.07,0.09,0.18,0.06,0.13,,,,,,,,,,,0.07,,,,0.17,,0.09,,,,,,4.58,2.0,1.35,20.2,0.76,0.68,1.58,,11.93,0.89,1.76,2.02,3.81,0.81,1.67,0.74,11.44,0.29,0.12,0.23,0.11,0.31,0.09,0.35,0.26,1.1,0.1,0.09,0.17,,0.52,,0.09,,0.47,,,,0.07,0.1,,0.04,,,,,,,0.47,,0.06,,,,,,,,,,,,,,,,,,,,,,,,,,,,,,,,,,,,,,,,,,,,,,,0.04,0.07,0.47,,0.47,,,,,,,,,,,,,,,,,0.13,,,,,,0.03,,,,,0.47,0.47,0.47,,,,,,,,,,0.04,,,,,,,,,,,,,,,,0.06,,,0.04,0.12,0.17,,,,0.02,,,,,0.27,,,,,0.11,0.03,,0.05,,,,,,,0.13,0.11,0.15,,,,,0.47,,,,0.47,,,0.47,0.47,0.47,,0.47,0.47,0.47
泰安市,0.18,0.29,0.41,0.2,,0.2,,0.09,,0.19,,0.06,,,,,,,,,,,,,,,,,,0.08,,0.28,0.57,,0.37,0.5,0.08,0.08,0.07,0.25,0.08,0.19,,0.06,0.26,0.19,,,0.2,,0.02,,0.09,,,,0.05,0.06,0.02,,0.03,,,0.07,,0.05,,0.06,,,,0.09,,0.07,0.13,0.04,,0.07,,,,,,,0.1,,,0.1,,,0.12,,0.04,,0.06,0.14,,,,,,,0.05,0.24,,,0.1,0.1,0.06,0.1,,,,0.08,,,,,,,,,0.04,,,,0.05,0.04,,0.14,,,,,,,0.08,,,0.07,,,,,,,,,,,,,,,,,,,,,,8.39,1.2,2.09,1.59,0.54,0.66,1.25,8.2,,1.13,0.94,18.27,2.96,0.93,2.43,0.75,2.01,0.08,,,,0.17,0.07,,,0.53,,,,,0.11,,,,,,,,,,,,,,,,,,,,,,,,,,,,,,,,,,,,,,,,,,,,,,,,,,,,,,,,,,,,,,,,,,,,,,,,,,,,,,,,,,,,,,,,,,,,,,,,,,,,,,,,,,,,,,,,,,,,,0.05,,,,,,,,,,,,,,,0.09,,0.05,,,,,,,0.03,,,,,,,,,,,,,,,,0.06,0.02,,,,0.08,,,,,,,,,,,,,,
威海市,0.17,0.17,0.19,,0.13,0.74,0.67,1.02,,0.21,,0.1,,,,0.3,,,,,,,,,,,,,,,0.18,0.1,0.37,0.36,0.13,,0.09,,0.05,0.17,0.04,,,,,,,,,,,,,,,0.01,0.11,0.12,,0.25,,,0.39,,0.06,0.06,1.07,0.07,0.07,0.17,0.58,0.09,0.32,0.16,0.03,0.08,0.05,0.12,0.25,0.22,0.38,0.09,0.32,0.3,0.99,0.12,0.19,0.4,0.73,0.33,1.03,0.17,0.53,0.57,0.19,0.66,0.72,0.29,0.28,0.29,0.62,0.05,,0.13,0.07,,0.09,0.28,0.08,0.14,0.08,,,0.08,,,,,,,,,0.18,,,,,,,,0.08,,0.06,0.05,,0.17,,,0.14,,,,,,,,,,,,,,,,,,,,,,,0.55,2.98,0.7,0.35,0.65,13.35,0.85,0.48,0.73,,0.56,0.39,0.57,0.24,0.34,0.38,0.55,,,0.19,0.09,0.1,,,,0.38,,,,,0.25,,0.56,,,,,,,,,,,,,,,0.02,,,,,,,,,,,,,,,,,,,,,,,,0.02,,,,,,,,,,,,,,,,,,,,,,,,,,,,,,,,,0.05,,,,,,,,,,,,,,,,,,0.03,,,,,,,,,,,,,,,,,0.13,,,,,,,,,,,,,,,,,,,,,,,,,,,,,,,,,,,,0.04,0.06,,,0.02,,,,,,,,0.03,,,,,,,,,0.04,,,,,,,0.23,,,
日照市,,,0.35,0.61,,,,0.24,,0.95,,,,,,,,,,,,,,,,,,,,,,0.3,0.07,0.18,0.72,0.27,,,0.09,0.12,,0.11,,,0.08,0.9,2.8,0.02,0.23,0.13,0.02,0.1,0.08,,,,0.06,0.1,,,,,,,0.06,,,,,0.1,0.09,,0.05,0.09,,,0.03,,,,0.06,,,,0.46,,,0.35,0.11,0.1,0.25,0.44,,,0.33,0.14,0.09,0.22,0.22,0.05,,0.08,0.05,0.31,0.04,,0.15,4.74,0.14,0.27,0.08,0.05,0.08,0.33,,,,,,,,,0.09,,,,,,,0.07,0.06,,,,,,0.06,,,,,,,0.25,,,0.03,,,,,,,,,,,,,,,1.1,5.68,1.27,1.0,0.74,1.15,5.15,1.14,0.99,1.06,,2.75,12.47,0.21,0.56,0.5,0.56,,0.07,,,0.25,0.09,,0.33,0.15,,,,,,,,,,,0.06,,,,,,,,,,,,,,,,,,,,,,,,,,,,,,,,,,,,,,,,,,,,,,,0.0,,,,,,,,,,,,,,,,,,,,,,,,,,,,,,,,,,,,,,,,,,,,,,,,,,,,,,,,,,,,,,,,,,,,,,,,,,,,,,,0.08,,,,,,,,,,,,,,,,,,,,,,,,,,0.05,,,,,,,,,,,,,,,0.07,,,
莱芜市,,,,,,,,,,,,,,,,,,,,,,,,,,,,,,,,,,,,,,,,,,,,,,,,,,,,,,,,,,,,,,,,,,,,,,,,,,,,,,,,,,,,,,,,,,,,,,,,,,,,,,,,,,,,,,,,,,,,,,,,,,,,,,,,,,,,,,,,,,,,,,,,,,,,,,,,,,,,,,,,,,,,,,,,,,,,,,,,,,,,,,,,,,,,,,,,,,,,,,,,,,,,,,,,,,,,,,,,,,,,,,,,,,,,,,,,,,,,,,,,,,,,,,,,,,,,,,,,,,,,,,,,,,,,,,,,,,,,,,,,,,,,,,,,,,,,,,,,,,,,,,,,,,,,,,,,,,,,,,,,,,,,,,,,,,,,,,,,,,,,,,,,,,,,,,,,,,,,,,,,,,,,,,,,
临沂市,0.24,0.46,0.72,0.34,0.23,0.43,0.46,0.54,0.63,3.97,0.83,0.37,0.33,0.09,,0.41,0.16,,0.19,,,,,,0.13,,0.27,0.15,0.11,0.13,0.27,0.58,0.58,0.34,0.67,0.59,0.29,0.08,0.21,0.47,0.28,0.34,0.04,0.09,0.47,0.23,0.38,0.18,0.09,0.2,0.12,0.1,0.04,0.05,,,0.29,0.09,0.06,0.16,0.07,0.11,0.06,0.39,,0.12,0.35,0.1,0.09,0.05,0.09,0.13,,0.04,0.07,0.02,0.06,0.08,0.19,0.04,0.39,0.03,0.13,0.3,0.99,0.17,0.14,0.3,0.31,0.25,0.25,,0.04,0.08,0.79,0.25,0.36,0.71,,0.19,,0.34,0.3,6.12,0.34,0.37,0.6,8.22,1.0,0.72,0.55,0.25,0.26,2.53,0.21,0.44,0.4,0.25,0.32,0.23,0.31,0.27,0.18,0.5,0.21,0.14,0.2,0.32,0.16,0.08,0.43,0.04,0.14,0.17,0.27,0.19,0.56,0.11,0.2,0.1,0.14,0.18,,0.19,0.05,0.15,0.05,0.16,0.07,0.09,,0.13,,0.16,0.07,,,,,,0.05,4.21,6.92,5.29,17.9,2.61,2.21,6.96,8.14,7.61,1.75,33.01,5.2,,1.41,1.61,1.55,2.07,0.18,0.36,0.22,0.17,0.29,0.08,0.26,0.24,0.54,0.18,0.16,0.1,0.18,0.37,0.09,0.17,0.11,0.56,0.05,,0.18,0.07,0.07,,,,0.02,,0.13,,,0.56,0.04,0.06,,0.09,,,,,,,0.04,,,,,,,,0.05,,,0.08,0.03,,,,0.04,,0.02,,,,0.26,0.04,,,,0.11,,,,,,,,0.02,,0.05,0.05,,0.56,,0.56,,,0.05,,,,0.13,,,,,,,,,0.22,,,,,,,,,,,,0.56,0.56,0.56,0.04,,,,,,0.03,,,0.09,,0.11,0.05,0.09,0.04,0.05,,,,,,,,0.05,0.14,0.1,0.03,0.04,,0.1,0.17,0.3,,0.08,,0.05,,,,0.09,0.11,,0.14,0.04,,,,0.03,,,,,,,0.03,0.03,0.2,,,0.04,0.11,0.56,,,,0.56,,0.07,0.56,0.56,0.56,0.15,0.56,0.56,0.56
德州市,0.69,2.18,4.15,0.26,0.21,0.42,0.26,0.29,,0.23,,,,,,0.15,,,,,,,,,,,,,,,,0.94,0.5,0.22,0.54,1.34,0.54,0.43,0.3,8.13,0.38,16.01,0.05,0.07,0.34,0.1,0.12,0.19,0.1,0.16,0.1,,0.06,0.07,0.04,,0.24,0.26,,,,0.08,0.15,0.1,0.06,0.1,0.12,0.13,0.06,0.1,,0.27,0.12,0.04,,0.05,0.04,0.12,0.28,0.08,0.11,0.06,0.1,0.1,0.31,0.07,0.12,0.15,0.22,0.18,0.06,0.08,0.04,,0.26,0.11,,0.12,0.11,0.11,0.31,0.06,,0.29,,,0.17,0.1,0.04,0.09,0.09,0.03,0.08,0.08,,,,,,,,,,,,0.05,,,,0.03,0.06,0.05,,0.03,,,,,,,,,,,,,,,,0.06,,,,,,0.24,,,,,,21.61,1.35,1.64,0.71,2.07,0.62,1.45,0.93,1.98,0.42,0.4,1.75,0.72,,8.95,6.3,0.67,,0.12,,,0.12,0.17,0.19,,0.28,,0.06,,,0.09,,,,0.42,0.02,,,,,,0.04,,,,,,,0.42,,,,,,,,,,,,,,,,,,,,,,,,,,,,,,,,,,,,,,,,,,,,,,,,,,,0.42,,0.42,,,,,,,,,,,,0.04,,,,0.05,0.18,,,,,,,,,,,0.42,0.42,0.42,,,,,,,,,,,,,,,,0.05,,,,,,,,,,,,,0.03,,0.08,,,0.04,0.02,,,,0.05,,,0.04,,,,,,,,,,,,,,,0.02,,0.04,0.06,,0.42,,,,0.42,0.06,0.14,0.42,0.42,0.42,,0.42,0.42,0.42
聊城市,0.55,0.86,2.92,0.69,0.11,0.19,0.16,0.28,0.12,0.22,,0.07,,,,1.44,0.13,,,,,,,,,,,,,,0.2,0.76,0.33,0.16,5.11,7.22,0.36,0.14,0.17,0.61,0.22,0.63,0.05,0.05,1.26,0.91,0.12,0.1,0.32,,0.21,0.13,0.53,0.05,,,0.09,0.04,0.04,,0.03,0.08,0.06,,,,0.14,,0.07,0.05,,0.07,,,,,,0.18,,,0.13,,0.05,0.08,,0.05,0.1,0.2,0.12,0.1,0.19,0.08,,0.14,0.19,0.05,,0.25,0.34,0.19,,0.04,0.13,0.17,,0.07,0.11,0.08,0.07,0.08,0.08,,0.07,0.12,,,,,,,,,,,,0.05,,,,,0.06,,,,0.04,0.09,,0.03,,,0.04,,,,,,,,,,,,,,,,,,,,,6.93,1.3,1.24,0.35,1.18,0.77,1.28,1.18,2.95,0.79,0.84,1.22,0.9,8.19,,2.01,1.39,0.3,0.16,0.12,,0.54,0.32,0.22,0.15,17.23,0.13,,0.08,,0.1,,,,0.38,,,,0.07,0.03,,0.25,,0.02,0.02,,,,0.38,,,,,,,,,,,,,,,,0.02,,,,,,,,,,,,,,,,,,,0.01,,,,,,,,,,,,,,,,0.38,,0.38,,,,,,,,,,,,,,,,0.09,,,,,,,,,,,,0.38,0.38,0.38,,,,,,,,,,,,,,,,,,,,,,,,0.05,0.04,,,,0.02,,0.25,,,0.04,,0.05,,,,0.06,,,,,,,,,,,,,,,,,,,,,,0.38,,,0.08,0.38,0.06,,0.38,0.38,0.38,0.07,0.38,0.38,0.38
滨州市,0.24,1.05,1.6,0.6,0.25,0.39,0.2,0.27,,0.2,,,,,,0.16,,,,,,,,,,,,,0.11,,,0.88,1.08,0.46,0.54,0.65,0.82,0.37,0.3,3.86,0.12,1.33,,0.49,0.44,0.36,0.07,0.61,0.13,,0.62,0.24,0.06,0.05,0.1,,0.26,0.06,0.19,0.09,,0.04,0.09,,,0.06,0.19,0.17,,,0.21,0.11,,0.21,0.05,0.04,0.06,0.1,0.31,0.06,0.1,0.06,,0.15,0.15,0.03,0.08,,0.12,0.12,0.19,,0.04,0.1,0.33,,0.36,0.09,,0.21,,,0.07,,0.06,,0.17,0.17,0.12,0.08,0.07,,0.05,0.17,,,,,,,,,0.09,,0.07,,,,0.06,,,,,,,,0.05,,,,,,,,,,,,,,,,,,,,,,,,,6.8,1.59,24.44,0.45,24.26,1.94,3.89,1.13,1.39,0.64,0.77,1.72,0.9,4.9,1.98,,0.66,0.08,,0.13,,0.12,0.24,0.22,0.28,0.31,,0.06,,,0.09,,,,,,,,,,,,,0.02,,,,,,,,,,,,,,,,,,,,,,,,,,,,,,,,,,,,,,,,,,,,,,,,,,,,,,,,,,,,,,,,,,,,,,,,,,0.06,0.12,,,,,,,,,,,,,,,,,,,,,,,0.13,,,0.03,,,0.49,,,,,,,,,,,,,,,0.08,,,,,,,,,,,,,,0.05,,,0.02,,,,,,,,,0.05,,,,,,,,0.08,,,,,,,,,,
菏泽市,0.65,0.45,0.58,0.35,,0.3,0.15,0.21,0.28,0.82,0.22,0.35,0.23,,,2.17,0.22,,,,,,,,,,0.27,,0.19,0.13,0.31,0.31,0.18,,0.9,0.3,0.37,0.17,0.19,0.31,0.23,0.23,0.04,0.04,0.2,0.48,0.42,0.03,0.08,0.18,0.04,0.12,0.18,0.04,0.08,0.01,0.1,,,0.09,,,0.06,0.03,,0.06,0.15,0.1,0.07,,0.14,0.1,,0.07,0.03,0.02,0.04,0.12,0.15,,,,0.05,0.19,0.1,,0.14,,0.2,0.07,,0.08,0.19,0.2,,,,0.09,,,,0.13,0.16,1.55,0.11,0.25,0.22,0.34,0.12,0.18,0.18,0.09,0.09,0.26,0.1,0.11,,0.04,0.1,0.07,,,0.09,,0.04,0.13,0.06,0.12,0.06,0.09,0.09,,0.11,,0.09,0.18,0.93,0.09,0.24,0.07,0.06,0.29,0.06,,0.08,,,0.05,,,,0.06,,,0.07,,,,,0.1,0.04,5.98,2.59,1.04,1.4,1.38,0.8,1.31,13.4,3.69,1.41,0.84,0.89,1.62,0.8,2.37,0.63,,0.67,4.04,0.31,0.21,1.11,0.66,1.61,0.53,5.35,0.3,0.23,0.27,0.24,3.51,0.08,0.31,0.16,0.57,,,,0.1,,,,0.03,0.05,0.02,0.19,,,0.57,,,,,,,,,,,,,,,,0.02,,,0.02,,,,,,,,,,0.02,,,,,,,,,,,,,,,,,0.02,,0.03,,,0.57,,0.57,,,,0.07,,,,,,,,,,,,0.29,0.09,,,,,,,,,,,0.57,0.57,0.57,,,,0.03,,,,,0.02,,,,,,,0.05,0.03,,,,,,,0.1,,0.06,0.05,0.08,,0.17,0.05,,0.05,,0.02,,,,,,0.06,,0.11,,0.11,,,0.03,,,0.06,,,,0.2,0.05,0.1,0.04,,,,0.57,,,0.08,0.57,,0.07,0.57,0.57,0.57,0.07,0.57,0.57,0.57
郑州市,0.55,0.4,0.92,1.95,0.22,0.51,0.26,0.41,0.53,0.69,0.77,0.52,0.81,0.19,1.78,,0.9,0.23,0.55,0.1,2.55,0.27,0.41,0.1,0.27,0.27,1.16,0.46,0.42,0.35,2.09,0.81,0.24,0.18,1.28,0.68,0.49,0.17,0.15,0.5,0.26,0.37,0.2,0.15,0.22,1.68,5.43,0.15,0.51,1.77,0.07,0.7,0.19,0.09,0.09,0.07,0.2,0.09,0.04,0.16,0.1,0.03,0.12,0.1,0.06,0.11,0.38,0.14,0.09,,0.35,0.1,0.13,0.09,,,0.06,0.24,0.22,0.1,0.11,,0.05,0.08,0.2,0.03,0.21,0.25,0.3,0.2,0.25,,0.14,0.08,0.52,0.14,0.36,0.09,0.22,0.14,0.31,0.2,0.17,0.48,0.16,0.28,0.39,0.37,0.27,0.25,0.32,0.15,0.23,0.22,0.22,0.23,0.78,0.1,0.13,0.2,0.45,0.1,0.09,0.45,0.09,0.33,0.19,0.21,0.19,0.13,0.26,0.15,0.48,0.17,0.17,0.65,0.37,0.13,0.34,0.12,0.1,0.42,0.14,0.25,0.14,0.54,0.07,0.17,0.11,0.26,0.33,0.18,,0.19,,0.15,0.05,0.11,0.22,0.17,0.03,0.45,0.53,0.27,0.38,0.24,0.62,0.59,0.63,0.51,0.49,0.3,0.26,0.52,0.32,0.75,0.3,2.05,,35.72,23.54,18.37,12.61,13.58,27.3,25.78,8.39,26.46,13.79,11.74,9.57,11.72,6.12,15.9,10.15,0.7,0.37,0.06,0.37,0.03,0.36,,0.12,0.2,0.16,0.02,0.46,0.1,0.08,0.7,0.22,0.08,0.08,0.08,0.07,0.17,0.12,0.24,0.05,0.12,,0.06,0.16,0.08,0.11,0.09,0.15,0.08,0.08,0.03,0.02,0.13,,,0.06,,0.02,0.03,,0.02,0.07,0.03,0.28,0.04,,0.08,0.1,0.15,0.02,0.27,0.1,,0.01,,,,0.04,0.06,0.1,0.37,0.7,,0.7,0.13,0.15,0.1,0.11,0.1,0.26,0.65,0.05,0.1,0.08,0.19,0.05,0.07,0.12,0.21,0.98,0.38,0.07,,,0.05,0.1,,,,0.05,,0.7,0.7,0.7,0.15,0.04,0.06,0.07,,0.06,0.03,0.14,,,,0.78,0.09,0.19,,,0.07,,,,,,,0.41,0.04,0.39,0.26,0.33,0.13,0.54,0.1,0.49,0.24,0.18,0.05,0.15,0.13,0.27,0.13,0.27,0.22,0.06,0.11,0.16,0.2,0.02,,0.14,,,,,,,,0.15,0.07,0.11,0.04,0.12,0.8,0.7,,,0.54,0.7,0.13,0.28,0.7,0.7,0.7,0.84,0.7,0.7,0.7
开封市,,0.1,0.14,0.17,,,,,0.15,0.26,0.23,0.11,,,1.34,,0.18,,,,0.26,,,,,0.18,0.2,0.11,0.09,,0.2,0.12,,,0.15,0.09,0.09,,,,0.07,0.1,0.05,,,0.12,0.31,0.02,0.04,0.16,,0.07,,,,,0.08,,,,0.03,0.03,,,,,,,,,,,,,,,,,,,,,0.05,0.06,,,,,,,,,,,,,,,,,,0.11,0.08,0.13,0.06,0.17,0.14,0.1,,0.13,,0.03,0.08,0.06,0.09,0.17,,0.09,0.04,0.07,,,0.11,,,0.08,0.06,0.04,0.04,,0.05,,,0.05,0.08,0.06,0.12,0.03,0.11,0.05,,,0.07,,,,,,,,,,0.06,,,,,0.05,,,,0.11,0.18,0.11,0.14,0.08,,0.23,0.23,0.14,0.19,0.07,0.06,0.2,0.07,0.25,0.08,3.31,12.53,,0.95,0.92,0.9,0.76,3.6,1.01,1.06,4.07,0.86,0.6,0.49,4.28,0.24,2.39,0.42,0.47,,,0.06,0.14,0.03,,0.04,0.06,,0.05,,,,0.47,,,,,,,,0.08,,,,,,,,,,,,,,,,,,,,0.02,,0.01,,,,,,,0.04,,,,,,,,,,,,,0.06,0.47,,0.47,,,,,,,,,,,,,,,,,,,,,,,,,,,,0.47,0.47,0.47,,,,,,,,,,,,,0.05,,,,0.07,,,,,,,0.07,,,0.03,0.07,,0.11,,0.14,0.03,0.04,,,,0.06,,,0.06,,,,0.13,0.03,0.1,,,0.05,,,,,0.1,,,0.02,,,0.11,0.47,,,0.08,0.47,,,0.47,0.47,0.47,,0.47,0.47,0.47
洛阳市,0.18,0.13,0.22,0.66,,0.15,,0.11,0.18,0.29,0.27,0.1,0.2,,0.39,,0.56,,0.18,,,,0.15,,,0.36,0.6,0.24,0.11,0.18,0.15,0.09,0.1,,0.35,0.1,0.1,0.15,0.07,0.16,0.09,0.1,0.06,,,0.32,1.2,0.02,0.08,0.88,0.05,0.39,0.09,,,,0.08,,,0.06,0.05,0.02,,0.07,,,,,0.04,0.05,,0.08,,0.07,0.03,,,0.04,0.12,,,,,,0.1,,,0.1,,0.05,,,,0.1,0.06,,,,0.05,,,0.06,0.08,0.11,0.07,0.29,0.09,0.11,0.04,0.1,,0.03,0.11,0.08,0.07,0.14,0.22,0.06,0.04,0.05,,,0.15,0.22,0.09,,0.07,0.05,,0.03,0.06,,,,0.08,0.07,0.06,0.05,0.11,,0.03,,,,0.1,0.13,0.03,,,,,,,,,0.1,,0.07,,,,0.06,0.14,0.18,0.06,0.1,0.1,0.09,0.18,0.07,,0.03,0.19,0.19,0.06,0.18,0.14,0.32,7.54,1.08,,8.23,0.86,0.71,1.56,6.57,0.42,1.3,0.93,21.29,1.52,0.74,0.51,1.22,0.7,0.36,,,,0.1,1.27,,0.04,,0.1,,,0.2,,0.36,,,,,,,,0.06,0.04,0.04,,,,,,,,0.03,,,,,,,,0.01,,,,,0.05,,,,0.02,,,,,,,,,,,,,,,,0.36,,0.36,,,0.05,,0.05,0.07,0.19,0.05,0.09,0.05,,,,,,0.26,0.15,,0.04,,0.03,,,,,,,0.36,0.36,0.36,,,,,,,,,,,,,,,,,0.15,,,,,,,0.19,0.02,0.16,0.12,0.23,0.12,0.19,,0.31,0.19,0.11,0.05,0.05,0.08,,0.11,,0.08,0.15,0.11,0.06,0.06,0.07,,,,,,,,,,0.08,0.07,0.07,,,,0.36,,,0.12,0.36,0.06,,0.36,0.36,0.36,0.07,0.36,0.36,0.36
平顶山市,0.18,,,0.33,,,,,0.11,0.23,0.22,0.17,,,0.18,,0.32,,0.2,,,,,,,,0.28,,0.12,,0.31,,,,0.15,,,,,,,0.1,0.04,,,0.15,0.38,,,0.43,0.05,0.28,,0.04,,,,,,,0.03,,,0.18,0.23,,0.11,,0.06,,,0.14,0.05,,,,,,,,,0.03,,,,,,,,,,,,,,0.05,,,,,,0.05,0.06,,0.12,0.26,,0.05,,0.07,,0.06,,,0.09,0.11,,0.05,,0.09,,,,0.16,,0.06,0.13,0.06,,,0.06,,,,0.12,0.28,,0.03,0.22,,,,0.07,,0.04,,,,,0.16,,,,,,,,,,,,,0.08,0.07,,0.09,,,0.11,,,0.04,,,0.05,,,0.15,4.73,0.8,7.37,,0.45,0.58,0.92,0.82,0.36,12.93,10.52,1.44,2.39,0.49,0.37,1.27,1.51,0.37,0.05,,0.06,0.14,0.5,,0.08,0.03,,,,,,0.37,0.04,,0.04,,,,,,,,,,,,,0.03,0.07,0.03,,,,,,,0.03,,,,0.02,,0.04,,,,,,,,,0.15,,,0.02,,,0.03,,,,,0.37,,0.37,,,,,,,0.09,,,,,,,,,,,,,,,,,,,,,0.37,0.37,0.37,,,0.03,,,,0.03,,,,,0.13,,0.07,,,,,,,,,,0.09,0.06,0.06,0.1,0.07,0.1,,,,,,,0.1,,,0.03,,,,,,,,,,,,,,,,0.06,0.05,0.05,,,,0.19,0.37,,,0.08,0.37,0.06,,0.37,0.37,0.37,,0.37,0.37,0.37
安阳市,0.43,0.4,1.76,1.23,,,,,0.14,0.16,,,,,0.61,,,,,,,,,,,,,,0.11,0.08,0.29,0.35,0.16,,6.25,0.32,0.27,0.05,0.09,0.13,0.12,0.21,0.28,0.06,0.4,3.54,1.21,0.05,0.36,,0.08,0.43,0.17,0.04,0.04,,0.05,,,,,0.09,,0.14,,,,,,,,0.05,,,,,,,,,,,0.05,,,,,,,,,,,,0.06,,,0.12,,,,,,,,0.14,,0.19,,0.05,,0.03,,0.03,,,,0.04,,,,,,0.11,,,,0.04,,0.03,,0.05,,,0.07,,,0.07,,,,,,,,,,,,,,,,,,,,,,,,0.11,0.15,0.14,0.13,0.24,0.07,0.12,0.13,0.14,,0.54,0.13,0.1,0.13,0.53,0.11,0.63,2.51,0.54,0.47,0.32,,30.36,8.65,0.86,10.34,0.33,0.24,0.43,0.2,0.25,0.12,0.21,0.15,0.39,,,0.06,,,,0.12,,,,0.06,,,0.39,,,,,,,,,,,,,,,,,,,,,,,,,,,,,,,,,,,,,,,,0.09,,,,,,,,,,,0.39,,0.39,,,,,,,,,,,,,,,,0.06,,,,,,,,,,,,0.39,0.39,0.39,,,,,,,,,,,,0.16,,,0.04,,,,,,,,,0.07,0.06,,,0.06,0.05,,0.13,,,0.03,,,,,,0.09,,0.02,0.07,,,,,,,,,0.04,,,,0.04,,,,0.08,,0.39,,,,0.39,,,0.39,0.39,0.39,0.76,0.39,0.39,0.39
鹤壁市,,,0.17,0.21,,,,,,,,,,,,,,,,,,,,,,,,,,,,,,,0.34,0.12,,,,,,0.09,,,,0.63,0.29,,0.09,,,,,,,,,,,,,,,,,,,,,,,,,,,,,,,,,,,,,,,,,,,,,,,,,,,,,,,,,0.08,,,,,,,,,,,,,,,,,,,,,,,,,,0.03,,,,,,,,,,,,,,,,,,,,,,,,,,,,,,,,,,,,,,0.06,,,,,,0.16,,,0.85,0.21,,0.11,9.98,,2.7,0.41,1.12,0.12,0.07,0.15,,,,,,,,,0.06,,,0.09,,0.06,,0.02,,,,,,,,,,,,,,,,,,,,,,,,,,,,,,,,,,,,,,,,,,,,,,,,,,,,,,,,,,,,,,,,,,,,,,,,,,,,,,,,,,,,,,,,,,,,,,,,,,,,,,,,,,,,,,,,,,,,,,,,,,,,,,,,0.05,,,,,,,,,,,,,,0.03,,,0.02,,,,,,,,,,,,,,,,,
新乡市,0.27,0.25,0.51,0.74,,0.19,0.1,0.09,0.13,0.3,0.19,0.1,,,0.88,,0.16,,,,0.23,,,,,,0.3,0.11,0.17,0.14,0.31,0.44,0.11,0.1,0.99,0.26,0.25,0.05,0.07,0.19,0.08,0.17,0.06,,0.16,1.32,2.06,,0.2,0.26,0.03,0.27,0.15,,0.03,0.03,,,0.05,,,,,,,,0.14,0.05,0.06,,,0.07,0.07,,0.04,0.04,,0.08,,,,0.04,0.08,,0.15,0.04,,,,,,,,,0.13,,,,0.05,0.06,,0.09,0.1,0.12,0.09,0.21,0.18,0.11,0.05,0.12,0.1,0.03,0.1,0.07,0.07,0.09,,0.06,0.12,,,,0.06,,0.07,0.07,,0.04,,,0.08,,,,0.06,0.14,0.05,,,0.06,0.06,,,,,,,,,,,,0.05,,,0.14,,0.08,,,,0.12,0.19,0.15,0.11,0.12,0.12,0.13,0.27,0.18,0.08,0.1,0.09,0.11,0.13,0.47,0.12,1.57,9.6,3.62,1.24,1.16,11.59,13.06,,13.51,3.19,1.3,0.93,1.0,0.59,1.37,0.56,0.79,0.49,0.43,,,,0.03,0.1,,0.21,,0.08,,,,0.02,0.43,,,0.05,,,,,,,,,,,,,,,,,,,,,,,,,,,,,,,,,,,0.11,,,0.1,,,,,,,,,0.04,0.43,,0.43,,,,,0.03,,0.1,,,,,,,,,0.19,,,,,,,,,,,,0.43,0.43,0.43,,,,0.03,,,,,,,,0.11,,,,,,,,,,,,0.09,0.16,0.1,0.08,,,,0.2,,,0.04,0.02,,,,,,,0.09,0.11,,,0.02,,0.05,,,,,,,0.06,0.08,,0.02,,0.04,0.11,0.43,,,0.12,0.43,,0.14,0.43,0.43,0.43,0.15,0.43,0.43,0.43
焦作市,,0.09,0.13,1.13,0.1,,,,,0.13,,0.06,,,0.27,,,,,,0.24,,,,,0.36,0.3,,,0.09,,0.13,,,0.17,0.08,0.09,,,,0.04,,0.04,,0.08,0.93,6.9,0.09,0.16,0.38,,0.29,0.12,,0.03,,0.09,,0.07,,,0.05,,,0.03,,,,,0.02,,,,,0.03,,,0.08,,,,,,,,,,,,,,,,,,,,,,,,,,0.09,,0.07,,0.06,,0.06,,0.02,0.05,,,,,,0.05,,,,0.04,,,,0.08,,,,0.05,,,,0.1,,,,,0.12,0.03,,,,,,,,0.05,,,0.04,,,,,,,,,,,0.19,0.08,,0.24,,,0.1,,0.12,0.11,,,0.05,0.21,0.08,0.21,5.37,0.68,3.41,0.74,1.21,0.93,7.91,,0.42,0.57,0.41,1.14,0.33,0.35,0.23,0.28,0.33,,,,0.12,,0.03,,,,0.02,,,,,,,,0.04,,,,,,,,,,,,,0.04,,,,,,,,,,,,,,,,0.01,,,,,,,,,,,,,,,,0.04,,,,,,,,0.05,,,,,,,,,,,,,,,,,,0.03,,,,,,,,,,,,,,,,0.02,,,,,,,0.05,,,0.11,,,,,,,0.07,0.06,,0.09,,0.03,,0.27,,0.09,0.07,0.02,,,,0.05,0.03,0.08,,0.09,,,,,,,,,,,,,0.04,0.05,,,0.04,,,,,0.08,,,,,,,,,,
濮阳市,0.35,0.32,1.02,0.16,,,,,,0.18,,,,,3.8,,,,,,0.27,,,,,,,,,,0.31,0.3,0.08,,3.34,0.19,0.18,,0.07,0.21,0.11,0.16,0.03,0.04,0.16,0.26,0.2,,,,0.04,0.13,,0.05,,,0.1,,0.02,,0.09,,,,,0.04,,,,0.05,,,0.04,,,,,,0.1,,,,,,,0.03,,,,,,0.08,0.04,,,,,,,,,,0.05,0.1,0.06,0.16,,,,0.07,0.06,0.03,,0.08,,,,0.16,0.04,,,0.04,0.06,,,,,,,0.03,,,,0.03,,,,,,,,,,,,,,0.1,,,,,,0.08,,,,0.06,,,,0.22,0.2,0.15,0.11,0.37,0.12,0.17,0.69,0.57,0.36,0.07,0.09,0.13,0.14,13.21,0.12,2.31,1.4,0.71,0.36,0.12,9.38,2.87,1.97,0.47,,0.33,0.16,0.24,0.15,0.22,0.16,0.18,0.12,,,,,0.07,,,,,,,,,,,,,,,,,,,,,,,,,,,,,,,,,,,,,,,,,,,,,,,,,,,,,,,,,,,,0.04,,,,,,0.05,,,,,,,,,,,,,0.06,,,,,,,,,,,,,,,,,,,,,,,,,,,,,,,,,,,,,,,,,,,,,,,,,,,,,,,,0.04,,,,,,,,,,,,,,,,,,,0.08,,,,0.16,,0.13,0.07,,,,,,,
许昌市,,,0.18,0.25,,,,,0.15,0.14,0.21,0.14,,,0.28,,0.21,,0.17,,0.32,,,,,0.36,0.25,,0.12,0.14,0.31,0.14,0.11,,0.2,0.13,0.13,,0.05,,0.07,,,,,0.07,0.44,,0.06,0.33,,0.18,,,,,,,,,,0.02,,0.03,,,,,,,,,,,,,,,,,,,,,,,,,,0.07,,,,,,,,,,,,,0.06,0.09,0.04,0.11,,,0.04,,0.07,,,0.05,0.07,,0.12,,,,0.21,,,0.13,,0.06,,0.06,0.04,0.04,0.04,,0.06,0.03,0.04,0.18,0.07,0.03,0.21,,0.03,,0.06,,,,,,,,,,,,,0.17,,,,,,0.07,,0.12,0.08,0.12,,,0.13,,,,0.16,,0.07,0.16,0.05,0.25,8.66,4.07,1.34,12.81,0.76,0.51,1.34,1.05,0.56,,15.09,0.81,0.7,0.69,0.48,2.68,0.84,0.42,0.1,0.06,,,0.1,,,0.03,,0.02,0.06,0.1,0.05,0.42,,,,,,0.07,,,,,,,0.06,,,,,,0.02,,,,,,,,,0.01,0.02,0.01,,0.02,,0.02,,,,,,,,,,,,,,,,,0.42,,0.42,,,,,,,,,,,,,,,,0.2,,,,,,,,,,,,0.42,0.42,0.42,,,,,,,,0.04,,,,0.06,,,,,0.15,,,,,,,0.1,0.04,,0.06,0.07,0.05,,0.05,0.16,,0.04,,,,0.06,,,,,,,,,,,,,,,,,0.06,0.06,0.05,,0.04,0.06,0.19,0.42,,,0.12,0.42,0.06,0.07,0.42,0.42,0.42,0.07,0.42,0.42,0.42
漯河市,,,,,,,,,,,,,,,,,0.18,,0.18,,,,,,,0.27,,,0.09,,0.22,,,,,,,,,,,,,,,,0.09,,,0.15,,,,,,,,,,,,,,,,,,,,,,,,,,,,,,,,,,,,,,,,,,,,,,,,,,0.04,,,,,,0.07,,,,,,0.05,,,,,,,,,,,,,,0.05,,,,,,,,,,0.06,,,,,0.04,,,,,,,,,,,,,,,,,,,,,,,,,0.05,,,,,,,,,,0.08,,,2.14,0.47,0.44,5.97,0.38,0.18,0.36,0.43,0.21,8.09,,0.34,0.4,0.32,0.38,2.98,4.84,,0.06,,,0.1,,,0.04,0.03,0.02,0.05,0.06,0.1,,,,,,,,,,,,,,,,,,,0.05,,,,,,,,,,0.02,,,,,0.05,,,,,,,,,,,,,,,,0.04,,,,,,,,,,,,,,,,,,,,,0.05,,,,,,,,,,,,,,,,,,,,,,,,,,,,,,,0.03,,,,,,,0.06,0.04,,,,0.04,,,,,,,0.05,,,,0.09,,,,,,,,0.03,,,,,,,,,,,,,0.16,,,,0.04,,,,,,,,,,
三门峡市,,,,1.84,,,,,,0.15,,,,,0.23,,,,,,,,0.28,,,,1.3,0.17,0.12,,,,,,0.11,,,,,0.11,0.06,,0.05,,0.04,0.05,0.2,,0.07,5.22,0.06,0.26,0.05,,,0.01,,,,,,,,,0.16,,,,,,,,,,,,,0.04,,,,,0.02,,,,,,,,,,,,0.06,,,,0.05,,,0.05,,0.14,,0.1,,,,0.07,0.07,,,0.03,,,,,,,,,,,,,,,,,,,,,,,,,,,,,,,,,,0.07,,,,,,,,0.09,,,,,,,0.08,,,0.11,0.09,0.1,0.13,0.07,,,0.09,0.1,,0.14,0.06,0.14,1.43,0.36,7.76,0.69,0.4,0.28,0.55,0.88,0.14,0.49,0.23,,0.41,0.27,,0.12,0.15,,0.02,,,,0.18,,,,,,,,,,,,,,,,,,,,,,,,,,,,,,,,,,,,,,,,,,,,0.01,,,,,,,,,,,,,,,,,,,,0.11,0.07,,0.06,0.23,0.37,0.11,0.09,0.05,0.25,,,,0.09,,0.47,0.18,0.04,,,,,,,,,,,,,,,,,,,,,,,,,,,,0.03,,,,,,,0.33,0.29,0.3,0.21,0.87,0.18,0.3,0.15,0.32,0.56,0.04,0.02,0.1,,0.12,0.05,,0.08,0.06,,0.04,0.09,,,0.03,,0.05,,0.04,,,,,0.05,,0.02,0.04,,,,,,,,,,,,,,,
南阳市,0.89,0.2,0.14,0.33,,,,,0.14,0.27,0.36,0.11,0.39,0.09,0.3,,13.19,0.12,0.5,0.06,0.41,,0.33,,,0.09,1.34,0.44,0.22,0.2,0.4,0.14,,,0.15,,0.12,0.05,0.07,,0.05,0.09,0.03,0.05,,0.13,0.33,,0.05,0.5,,0.21,,,,,0.06,,0.06,,0.1,,,,0.1,,0.13,0.03,,,,,,,,,,,,,,,0.05,,,,,,,,0.06,,,,,,,,,,,0.14,0.1,0.09,0.06,0.26,0.13,,0.06,,,0.05,0.07,0.03,0.18,0.19,,0.11,0.07,0.11,,,0.25,0.16,,0.13,0.11,,,0.06,0.04,,,0.03,0.09,0.12,,0.04,0.07,,0.07,0.25,0.1,,0.05,0.09,0.06,,,0.47,0.11,0.04,0.06,,0.07,,,0.19,,0.08,0.04,0.06,,,0.08,0.12,0.08,0.13,0.14,,0.1,,0.06,0.1,0.05,0.17,,0.26,2.18,0.39,1.17,3.93,0.31,0.18,0.57,0.63,0.24,0.75,1.07,1.53,,0.32,1.18,0.73,3.04,0.64,0.54,0.06,16.49,0.35,24.96,,0.72,0.03,0.43,0.02,,7.81,0.02,0.64,0.08,0.06,,,,0.11,0.13,0.12,0.06,0.04,0.04,0.06,0.06,,0.09,0.04,0.12,0.06,0.2,0.03,0.02,0.03,,0.02,0.07,,0.03,0.03,,0.05,0.12,0.03,,,,,0.06,0.18,,,,0.01,,0.02,0.02,,,0.03,,0.07,0.64,,0.64,0.05,,0.02,,0.1,0.48,0.61,0.06,0.05,,0.24,0.07,,,0.18,,0.46,,,,,,,,,,,0.64,0.64,0.64,,,,,,,0.04,,,,,0.04,,,,,0.03,,,,,,,0.33,0.71,0.29,0.31,0.18,0.19,0.58,0.18,0.71,1.07,,,0.05,0.08,0.3,0.07,0.06,0.31,,0.22,0.09,0.55,0.03,0.05,0.02,,0.05,,0.04,,,0.16,0.04,0.05,0.05,0.17,0.08,0.25,0.64,,,,0.64,0.06,,0.64,0.64,0.64,0.07,0.64,0.64,0.64
商丘市,0.34,0.14,0.19,0.4,,,,,0.42,0.88,0.77,1.94,,,2.14,,0.39,,0.2,,0.22,,,,,0.18,0.38,0.2,,0.16,0.29,0.19,,,0.17,0.11,0.18,,0.07,,0.06,0.15,0.09,0.09,0.1,0.29,0.68,,0.06,0.36,0.07,0.21,0.04,0.04,0.06,0.01,,,0.03,,0.07,,,,,,0.09,,,0.05,0.07,,,,,,,,,,,,,,0.05,,,0.05,,,,0.08,0.24,,,0.05,0.09,,,,,0.17,0.24,1.14,0.24,0.46,0.28,0.28,0.19,0.17,0.13,0.16,0.18,0.32,0.22,0.74,0.18,0.21,0.12,0.13,0.46,0.05,0.36,0.35,0.08,0.22,0.13,0.23,0.16,0.08,4.06,0.13,0.1,0.03,0.18,0.31,3.72,0.16,4.26,,,0.1,,,,,,,,,,0.04,,,0.12,,,,,,0.04,0.12,0.21,0.06,0.48,0.09,0.11,0.18,0.76,0.27,0.32,0.12,,0.37,0.2,0.28,0.13,5.08,5.13,7.0,1.06,0.61,0.66,0.65,2.6,1.15,0.71,1.16,0.79,1.05,0.54,,0.33,5.33,1.87,0.86,0.08,,,0.1,0.07,,0.17,0.2,0.1,,,,,0.86,,,,,,,,,,,,,,,,0.03,0.07,,0.03,,,,,,0.03,,,0.03,,0.01,,,,,,,,0.11,,,,,,,0.03,,,,,0.04,0.86,,0.86,,,,,,0.09,0.23,,0.05,,,,,,0.11,0.15,0.12,,,0.04,,,,,,,,0.86,0.86,0.86,,,0.01,,,,,,,,,,,,,,0.03,,,,,,,0.11,0.04,0.19,0.06,0.17,0.04,0.23,,0.1,,0.1,,0.05,0.1,0.07,,,0.12,,0.09,,0.12,,,,,,,0.04,,,0.1,0.06,,0.07,0.07,,0.11,0.86,,,0.12,0.86,0.06,0.07,0.86,0.86,0.86,,0.86,0.86,0.86
信阳市,0.35,,,,,,,,0.25,0.27,0.59,0.83,,0.07,,,3.13,,0.26,,,,0.31,,,,0.46,0.2,,0.1,,,,,,,,0.1,,,0.04,,,,,,,,,,,,,,,,,,,,,,,,,,,,,,,,,,,,0.03,,,,,,,,,,,,,,,0.08,,,,,,,,,,0.13,0.14,,0.09,0.33,,,0.05,,,0.06,,0.05,0.38,0.27,0.16,0.17,0.19,0.15,0.18,0.05,0.11,0.13,,0.27,0.07,,0.12,0.08,,,0.11,0.05,0.03,1.16,,3.77,,0.08,0.09,,,,,0.08,,,,0.09,,0.07,0.12,0.11,0.09,,,0.06,,0.06,,0.06,,,,,,,,,,,,,,0.08,,,1.23,0.23,0.22,0.27,0.16,0.07,0.23,0.36,0.1,0.34,0.43,0.31,1.37,0.14,,0.24,3.75,0.51,0.28,,,0.07,0.29,,0.08,1.85,,2.88,,8.23,,0.51,,,,,,,,,,,,,,,0.06,,0.05,0.03,,,,,,,0.06,0.02,0.03,,0.02,0.02,0.05,0.03,0.05,,,,,,,,,,,,0.01,,,,0.02,,0.51,,0.51,,,,,0.06,0.38,0.5,,,,0.16,,,,0.34,,0.72,,,,,,,,,,,0.51,0.51,0.51,,,,,,,,,,,,0.09,,,,,,,,,,,,0.07,,0.13,0.04,0.07,0.03,0.73,,0.48,0.14,,,,,,0.09,,0.13,,0.19,0.09,0.16,,0.1,,,,,,,,,0.04,0.05,,0.04,0.04,,0.51,,,,0.51,,,0.51,0.51,0.51,,0.51,0.51,0.51
周口市,0.72,0.23,0.2,0.31,,0.15,,,0.54,0.43,0.79,1.71,0.35,,0.51,,0.23,,0.42,0.04,0.34,,,,,0.54,0.3,0.16,0.12,,1.03,0.15,,,0.21,0.13,0.2,0.1,0.07,0.09,0.09,0.09,0.12,0.06,0.08,0.22,0.84,0.09,0.05,0.17,,0.1,,0.05,,0.01,,,,,,,,,,,0.25,,,,0.07,,0.09,0.04,,,,,,,,0.03,,,,,,,,,0.06,,,,,0.11,,,0.05,,,0.19,0.2,0.27,0.21,0.32,0.12,0.16,0.04,0.05,,0.1,0.07,0.09,0.31,0.39,0.33,0.25,0.17,0.15,0.55,0.08,0.13,0.32,0.11,0.16,0.11,0.14,0.15,,0.21,0.04,0.08,,0.12,4.25,0.13,0.13,2.76,,0.05,0.17,0.33,,0.09,,,0.07,,,,,,,,0.12,,,,,0.03,0.11,0.14,0.09,0.2,0.06,0.16,0.19,0.17,,0.34,0.07,,0.15,0.06,0.16,0.09,0.63,7.61,5.03,2.1,2.66,0.65,0.45,1.22,0.79,0.54,7.16,12.01,0.36,0.89,6.55,0.63,,5.22,1.1,0.06,,,,0.07,,0.12,,,0.08,0.13,0.1,0.02,1.1,,,,,,,,,,,,,,,0.1,,0.1,0.05,0.04,0.03,,,,,0.09,0.02,,,,0.03,0.09,0.03,,,,0.04,,0.11,,,0.06,,,,,,,0.03,,,1.1,,1.1,,,,,0.03,,0.08,,,,,,,,,,,,,,,,,,,,,1.1,1.1,1.1,,,,,,,,,0.04,,,,,,0.08,0.05,0.07,,,,,,,0.1,,0.16,0.07,0.06,0.04,,0.05,0.12,0.1,0.06,,,0.04,0.11,,,,0.06,0.15,0.04,0.09,,,0.04,,,,,,,,,,,,,0.72,1.1,,,0.12,1.1,0.39,,1.1,1.1,1.1,0.15,1.1,1.1,1.1
驻马店市,0.38,0.19,,0.13,,,,,0.27,0.22,0.38,0.77,0.22,,0.2,,0.35,,0.43,,0.3,,,,,0.18,0.22,,0.09,0.11,0.33,0.14,,,,,,,,,,,0.03,,0.12,0.16,,,,0.17,,,,0.05,,,,,,,,,,,,,,,,0.07,,,,,,,0.05,,,,,,,,,,,,,,0.06,,,,,,0.09,0.09,,,,0.08,0.1,,0.06,0.19,0.09,,,,,0.06,0.07,0.04,0.11,0.11,0.15,0.13,0.14,0.1,0.15,,0.29,0.28,0.22,0.11,0.05,0.1,0.06,0.05,0.07,0.04,,,0.12,2.7,0.05,0.06,0.12,,0.03,,0.09,,,0.1,0.03,,,0.19,,0.06,,,,,,0.08,,,,,0.09,,0.06,,,,0.13,,,,,0.07,,0.13,,0.17,3.0,0.51,0.65,2.32,0.37,0.28,0.49,1.0,0.26,1.07,11.48,0.17,3.16,1.4,4.56,3.3,,0.69,0.13,,0.06,,0.1,,,0.13,0.05,0.08,0.33,,,0.69,0.07,,,,,,,,,0.06,,,,,0.09,0.04,0.11,0.03,,0.03,0.06,,0.01,0.02,0.07,0.01,,,0.03,0.01,0.1,0.04,,,0.04,,0.04,0.08,,,0.06,,,,,,,0.02,,0.04,0.69,,0.69,,,,,,,0.12,,,,,,,,,,0.14,,,,,,,,,,0.07,0.69,0.69,0.69,,,,0.03,,,0.03,,,,,,,,,,0.07,,,,,,,0.07,0.06,0.09,0.06,,,0.09,,0.19,0.05,,,,,,0.07,,,,,,,,,0.03,,,,,,,,0.04,,,0.07,0.06,0.22,0.69,,,0.08,0.69,0.06,0.07,0.69,0.69,0.69,,0.69,0.69,0.69
省直辖县级行政区划,,,,,,,,,,,,,,,,,,,,,,,,,,,,,,,,,,,,,,,,,,,,,,,,,,,,,,,,,,,,,,,,,,,,,,,,,,,,,,,,,,,,,,,,,,,,,,,,,,,,,,,,,,,,,,,,,,,,,,,,,,,,,,,,,,,,,,,,,,,,,,,,,,,,,,,,,,,,,,,,,,,,,,,,,,,,,,,,,,,,,,,,,,,,,,,,,,,,,,,,,,,,,,,,,,,,,,,,,,,,,,,,,,,,,,,,,,,,,,,,,,,,,,,,,,,,,,,,,,,,,,,,,,,,,,,,,,,,,,,,,,,,,,,,,,,,,,,,,,,,,,,,,,,,,,,,,,,,,,,,,,,,,,,,,,,,,,,,,,,,,,,,,,,,,,,,,,,,,,,,,,,,,,,,
武汉市,0.16,,,,,,,,,,,,,,,,,0.12,,,0.25,,,,,,,,,,,,,,,,,,,,,,,,,,,,,,,,,,0.02,,,,,,,,,0.07,,,,,,,,,,,,,,0.07,,,,,,,,,,,,,,,,,,,,,,,,,,,,,,,,,,,,,,,,,,,,,,,,,,,,,,,0.09,,,,,,,,,,,,0.05,,,0.05,,,0.22,,,,,,,,,,,0.08,,,,,,,,,,,,,,,,,0.1,,,,,,,,,,,,,,0.15,,,,,16.89,24.08,19.37,15.35,32.74,14.23,45.64,20.1,54.49,43.57,15.53,21.83,,0.1,0.05,,,,0.32,,,,,,,,,,,,,,,0.02,0.03,,,,,,,,,,,,,,,,,,0.09,0.08,,,,,,,,,,,,,,,,,,,,,,,,,,,,,,,,,,,,,,,,,,,,,,,,0.03,,,,,,,0.07,0.07,,,,,,,,,,,,,,,,,,,,,,,,,,,,,,,,,,,,,,,,,,,,,,,,,,,,,0.06,,,,,0.07,,,
黄石市,,,,,,,,,,,,,,,,,,,,,,,,,,,,,,,,,,,,,,,,,,,,,,,,,,,,,,,,,,,,,,,,,,,,,,,,,,,,,,,,,,,,,,,,,,,,,,,,,,,,,,,,,,,,,,,,,,,,,,,,,,,,,,,,,,,,,,,,,,,,0.05,,,,,,,,,,,,,,0.43,,,,,,,,,,,,,,,,,,,,,,,,,,,,,,,,,,,,,,,,,,,2.91,,0.18,0.07,0.14,54.11,,0.17,0.1,11.6,11.05,0.1,0.08,,,,,,,,,,,,,,,,,,,,,,,,,,,,,,,,,,,,,,,,,,,,,,,,,,,,,,,,,,,,,,,,,,,,,,,,,0.04,,,,,,,,,,,,,,,,,,,,,,,,,,,,,,,,,,,,,,,,,,,,,,,,,,,,,,,,,,,,,,,,,,,,,,,,,,,,,,,,,,,0.07,,,
十堰市,,,,,,,,,,,,,,,,,,,,,,,,,,,0.66,,,,,,,,,,,,,,,,,,,,,,,,,,,,,,,,,,,,,,,,,,,,,,,,,,,,,,,,,,,,,,,,,,,,,,,,,,,,,,,,,,,,,,,,,,,,,,,,,,,,,,,,,,,,,,,,,,,,,,,,,,,,,,,,,,,,,,,,,,,,,,,,,,,,,,,,,,,,,,,,,,,,0.79,,,,,,3.78,0.12,,0.56,11.68,,0.17,0.13,0.13,0.02,0.19,0.2,,,,,,,,,,,,,,,,,,,,,,,,,,,,,,,,,,,,,,,,,,,,,,,,,,,,,,,,,,,,,,,,,,,,,,,,,,,,,,,,,,,,,,,,,,,,,,,,,,,,,,,,,,,,,,0.04,,,,,,,2.68,0.4,,,,,0.07,,,,,,,0.12,,,,,,,,,,,,,,,,,,,,,,,,,,,,,,
宜昌市,,,,,,,,,,,,,,,,,,,,,,0.4,,,,,,,,0.1,,,,,,,,,,,,,,,,,,,,,,,,,,0.07,,,,,,,,,,,,,,,,,,,,,,,,,,,,,,,,,,,,,,,,,,,,,,,,,,,,,,,,,,,,,,,,,,,,,,,,,,,,,,,,,,,,,,,,,,,,,,,,,,,,,,,,,,,,,,,,,,,,,,,,,,,,,,,,,,,,,,,,,,,,,5.68,0.18,1.26,,7.02,,5.96,0.2,16.9,0.89,0.33,0.41,22.21,,,,,,,,0.14,,,,,,,,,,,,,,,,,,,,,,,,,,,,,,,,,,,,,,,,,,,,,,,,,,,,,,,,,,,,,,,,,,,,,,,,,,,,,,,,,,,,,,,,,,,,,,,,,,,,,,,,,,,,,,,,,,,,,,,,,,0.06,,,,,,,,,,,,0.15,,,,,,,,,,,,,,,,,
襄阳市,,,,,,,,,,,,,,,,0.33,,,,,,,,,,,,,,,,,,,,,,,,,,,,,,,0.07,,,,,,,,,,,,,,,,,,,,,,,,,,,,,,,,,,,,,,,,,,,,,,,,,,,,,,,,,,,,,,,,,,,,,,,,,,,,,,,,,,,,,,,,,,,,,,,,,,,,,,,,,,,,,,,,,,,,,,,,,,,,,,,,,,,,,,0.19,,,,,,,,,0.17,1.89,,,,,,4.17,0.06,25.41,5.2,,0.09,12.9,4.25,0.56,0.05,0.26,20.98,0.08,,,,,,,,,,,,,,,,,,,,,,,,,,,,,,,,,,,,,,,,,,,,,,,,,,,,,,,,,,,,,,,,,,,,,,,,,,,,,,,,,,,,,,,,,,,,,,,,0.09,,,,,,,,,,,,,,,,,0.07,,,0.15,,,,,,,,,,,,,,,,,,,,,,,,,,,,,,,,,,,,,,,,,,,
鄂州市,,,,,,,,,,,,,,,,,,,,,,,,,,,,,,,,,,,,,,,,,,,,,,,,,,,,,,,,,,,,,,,,,,,,,,,,,,,,,,,,,,,,,,,,,,,,,,,,,,,,,,,,,,,,,,,,,,,,,,,,,,,,,,,,,,,,,,,,,,,,,,,,,,,,,,,,,,,,,,,,,,,,,,,,,,,,,,,,,,,,,,,,,,,,,,,,,,,,,4.57,35.56,,0.07,,,,0.06,,2.67,0.06,,0.02,,,,,,,,,,,,,,,,,,,,,,,,,,,,,,,,,,,,,,,,,,,,,,,,,,,,,,,,,,,,,,,,,,,,,,,,,,,,,,,,,,,,,,,,,,,,,,,,,,,,,,,,,,,,,,,,,,,,,,,,,,,,,,,,,,,,,,,,,,,,,,,,,,,,,,,,,,,,,,,
荆门市,,,,,,,,,,,,,,,,,,,,,,,,,,0.18,,,,,,,,,,,,,,,,,,,,,,,,,,,,,,,,,,,,,,,,,,,,,,,,,,,,,,,,,,,,,,,,,,,,,,,,,,,,,,,,,,,,,,,,,,,,,,,,,,,,,,,,,,,,,,,,,,,,,,,,,,,,,,,,,,,,,,,,,,,,,0.21,,,,,,,,,,,,,,,,,,,,,,,,,,,,,,2.98,0.18,1.13,5.1,10.51,,,6.37,7.81,0.23,0.13,3.6,0.29,,,,,,,,,,,,,,,,,,,,,,,,,,,,,,,,,,,,,,,,,,,,,,,,,,,,,,,,,,,,,,,,,,,,,,,,,,,,,,,,,,,,,,,,,,,,,,,,,,,,,0.03,,,,,,,,0.02,,,,0.04,,,,,,,,,,,,,,,,,,,,,,,,,,,,,0.02,,,,,,,,,,,,,,,,,
孝感市,,,,,,,,,,,,,,,,,,,,,,,,,,,,,,,,,,,,,,,,,,,,,,,,,,,,,,,,,,,,,,,,,,,,,,,,,,,,,,,,,,,,,,,,,,,,,,,,,,,,,,,,,,,,,,,,,,,,,,,,,,,,,,,,,,,,,,,,,,,,,,,,,,,,,,,,,,,,,,,,,,,,,,,,,,,,,,,,,,,,,,,,,,,,,,,,,0.18,,,,16.1,0.12,0.25,0.6,5.13,0.09,9.0,,0.29,5.91,0.59,35.39,0.08,,,,,,,,,,,,,,,,,,,,,,,,,,,,,,,,,,,,,,,,,,,,,,,,,,,,,,,,,,,,,,,,,,,,,,,,,,,,,,,,,,,,,,,,,,,,,,,,,,,,,,,,,,,,,,,,,,,,,,,,,,,,,,,,,,,,,,,,,,,,,,,,,,,,,,,,,,,,,,,
荆州市,,,,,,,,,,,,,,,,,,0.66,,,,,,,,,,,,,,,,,,,,,,,,,,,,,,,,,,,,,,,,,,,,,,,,,,,,,,,,,,,,,,,,,,,,,0.04,,,,,,,,,,,,,,,,,,,,,,,,,,,,,,,,,,,,,,,,,,,,,,,,,,,,,,,,,,,,,,,,,,,,,,,,,,,,,,,,,,,,,,,,,,,,,,,,,0.07,,,,,,,,,,,,,6.83,0.31,0.88,23.8,0.69,,12.69,0.27,,0.11,6.46,0.92,0.74,,0.08,,,,,1.66,2.92,,0.09,,,,,,,,,,,,,,,,,,,,,,,,,,,,,,,,,,,,,,,,,,,,,,,,,,,,,,,,,,,,,,,,,,,,,,,,,,,,,,,,,,,,,,,0.03,,,,,,,,,,,,,,,,,,,,,,,,,,,,,,,,,,,,,,,,,,,,,,,,,,,,,,,0.07,,,,,,,
黄冈市,,,,,,,,,,,,0.12,,0.2,,,,,,,,,,,,,,,,,,,,,,,,,,,,,,,,,,,,,,,,,,,,,,,,,,,,,,,,,,,,,,,,,,,,,,,,,,,,,,,,,,,,,,,,,,,,,,,,,,,,,,,,,,,,,,,,,,,,,,,0.79,,,,,0.19,,0.05,,,,,,,,,,,0.17,,,0.9,,,0.04,,0.13,,,,,,,,,,,,,,,,,,,,,,,,,,,,,,,,,,0.31,,,,21.02,24.62,0.12,0.81,0.18,9.31,0.42,7.06,0.29,,1.33,0.3,,,,,,,,,,,,,,,,,,,,,,,,,,,,,,,,,,,,,,,,,,,,,,,,,,,,,,,,,,,,,,,,,,,,,,,,,,,,,,,,,,,,,,,,,,,,,,,,,,,,,,,,,,,,,,,,,,,,,,,,,,,,,,,,,,,,,,,,,,,,,,,,,,,,,,,,,,,,,,,,
咸宁市,,,,,,,,,,,,,,,,,,0.25,,,,,,,,,,,,,,,,,,,,,,,,,,,,,,,,,,,,,,,,,,,,,,,,,,,,,,,,,,,,,,,,,,,,,,,,,,,,,,,,,,,,,,,,,,,,,,,,,,,,,,,,,,,,,,,,,,,,,,,,,,,,,,,,,,,,,,,,0.28,,,,,,,,,,,,,,,,,,,,,,,,,,,,,,,,,,,,,,,,,,,6.76,9.81,0.44,0.46,0.47,0.09,0.21,0.2,2.56,0.62,,0.41,0.29,,0.07,,,,,1.38,,,,,,,,,,,,,,,,,,,,,,,,,,,,,,,,,,,,,,,,,,,,,,,,,,,,,,,,,,,,,,,,,,,,,,,,,0.05,0.07,,,,,,,,0.05,,,,,,,,,,,,,,,,,,,,,,,,,,,,,,,0.05,,,,,,,,,,,,,,,,,,,,,,,,,,,,,,,,,,,,,,,
随州市,,,,,,,,,,,,,,,,,,,,,,,,,,,,,,,,,,,,,,,,,,,,,,,,,,,,,,,,,,,,,,,,,,,,,,,,,,,,,,,,,,,,,,,,,,,,,,,,,,,,,,,,,,,,,,,,,,,,,,,,,,,,,,,,,,,,,,,,,,,,,,,,,,,,,,,,,,,,,,,,,,,,,,,,,,,,,,,,,,,,,,,,,,,,,,,0.19,,0.22,,,,2.34,0.18,0.37,0.07,7.56,0.29,1.75,12.44,0.1,0.11,0.26,,0.11,,,,,,,,,,,,,,,,,,,,,,,,,,,,,,,,,,,,,,,,,,,,,,,,,,,,,,,,,,,,,,,,,,,,,,,,,,,,,,,,,,,,,,,,,,,,,,,,,,,,,,,,,,,,,,,,,,,,,,,,,,,,,,,,,,,,,,,,,,,,,,,0.02,,,,,,,,,,,,,,,,
恩施土家族苗族自治州,,,,,,,,,,,,,,,,,,0.32,,,,1.36,,,,,,,,,,,,,,,,,,,,,,,,,,,,,,,,,,,,,,,,,,,,,,,,,,,,,,,,,,,,,,,,,,0.15,,,,,,,,,,,,,,,,,,,,,,,,,,,,,,,,,,,,,,,,,,,,,,,,,,,,,,,,,,,,,,,,,,,,,,,,,,,,,,,,,,,,,,,,,,,,,,,,,,,,,,,,,,,,,7.61,0.12,,24.54,0.14,0.29,0.47,0.06,0.35,0.02,0.39,,,,,,,,,,0.07,0.81,,,,,,2.68,,,,,,,,,,,,,,,,,,,,,,,,,,,,,,,,,,,,,,,,,,,,,,,,,,,,,,,,,,,,,,,,,,,,,,,,,,,,,,,,,,,,,,,,,,,,,,,,,,,,,,,,,,,,,,,,,,,,,,,,,,,,,,,,,,,,,,,,,,,,,,,,
省直辖县级行政区划,,,,,,,,,,,,,,,,,,,,,,,,,,,,,,,,,,,,,,,,,,,,,,,,,,,,,,,,,,,,,,,,,,,,,,,,,,,,,,,,,,,,,,,,,,,,,,,,,,,,,,,,,,,,,,,,,,,,,,,,,,,,,,,,,,,,,,,,,,,,,,,,,,,,,,,,,,,,,,,,,,,,,,,,,,,,,,,,,,,,,,,,,,,,,,,,,,,,,,,,,,,,,,,,,,,,,,,,,,,,,,,,,,,,,,,,,,,,,,,,,,,,,,,,,,,,,,,,,,,,,,,,,,,,,,,,,,,,,,,,,,,,,,,,,,,,,,,,,,,,,,,,,,,,,,,,,,,,,,,,,,,,,,,,,,,,,,,,,,,,,,,,,,,,,,,,,,,,,,,,,,,,,,,,
长沙市,0.32,0.15,0.3,0.37,0.11,0.15,0.18,0.28,0.3,0.37,0.73,0.23,1.0,2.04,0.34,0.45,1.41,,2.03,0.4,1.06,1.11,0.35,0.69,0.45,0.27,0.41,0.22,0.42,0.17,0.83,0.23,0.1,0.07,0.28,0.23,0.2,0.1,,0.23,0.12,0.13,0.07,0.05,0.1,0.16,0.12,0.05,0.12,0.37,0.03,0.3,0.09,0.05,0.04,,0.11,,0.02,,0.1,0.02,0.09,,0.03,0.05,,,,,0.11,0.08,,,0.03,,,0.05,,0.11,0.09,0.03,0.02,,,,,,0.28,0.08,,,0.04,0.1,,,0.09,0.45,,0.05,,0.14,0.09,0.22,0.12,0.11,0.19,0.2,0.17,0.14,0.17,0.09,0.12,0.11,0.28,0.28,0.48,0.11,0.1,0.18,0.4,0.35,0.11,0.32,0.16,0.28,0.17,0.11,0.12,0.14,0.05,0.08,0.35,0.17,0.13,0.1,0.09,0.17,0.05,0.15,0.09,0.38,0.18,0.33,0.28,0.53,0.17,0.18,0.4,0.4,1.23,0.37,15.41,0.85,1.43,0.56,0.3,0.76,2.97,0.6,0.43,0.08,,0.12,,0.08,0.16,0.17,0.17,,0.19,,0.09,0.24,0.12,0.16,,0.15,0.27,0.13,0.24,0.27,0.18,0.25,0.25,0.12,0.1,0.27,0.32,,0.33,0.16,0.36,0.17,0.42,0.9,0.32,0.06,0.12,0.31,0.18,,0.25,0.2,0.61,0.05,1.53,0.1,0.26,0.9,,31.72,46.23,11.07,15.42,42.6,26.18,17.56,47.19,6.76,6.55,9.4,28.64,10.15,0.51,0.58,0.49,0.16,0.1,0.22,0.2,0.19,0.06,0.08,0.2,0.08,0.17,0.08,0.17,0.15,0.29,0.2,0.16,0.11,0.06,0.25,0.28,0.81,0.08,0.25,0.12,0.16,0.08,0.13,0.2,0.17,0.08,0.19,0.11,0.25,0.9,,0.9,0.15,0.08,0.05,0.17,,0.14,0.1,0.13,0.05,0.08,0.22,0.1,0.14,0.2,0.29,0.13,0.16,0.12,0.04,,0.04,0.32,0.25,0.4,0.32,0.23,0.55,0.9,0.9,0.9,0.15,0.13,0.12,0.07,0.17,0.05,0.13,0.04,0.05,0.08,0.14,0.27,0.13,0.43,0.08,,0.11,,,,,,,0.1,,0.15,0.08,0.1,0.05,0.26,,0.27,0.09,0.07,,0.1,0.09,0.09,0.03,0.09,0.11,0.04,0.14,0.09,,0.03,0.05,0.08,,0.1,0.06,,,,0.13,0.07,,0.08,0.02,0.04,0.33,0.9,,,0.16,0.9,,0.07,0.9,0.9,0.9,0.46,0.9,0.9,0.9
株洲市,0.24,,,,,,,,,,0.27,,0.21,0.9,,0.16,0.47,,0.81,0.1,0.24,0.2,,0.21,,,,,,,,,,0.09,,,,,,,,,,,,,,,,,,,,,,,,,,,,,,,,,,,,,,,,,,,,,,,,,,,,,,,,,,,,,,,,,,,,,,,,,,,,,,,,,,0.08,0.35,,,0.07,0.11,0.1,,0.15,0.11,,,,,,,,,0.1,,,,,,,0.1,,0.05,,0.09,0.1,0.04,0.05,,,0.22,0.07,11.97,0.12,0.65,0.35,0.11,0.49,0.54,0.11,0.05,,,,,,,,,,,,,,,,,,,,,,,,,,,,0.11,,0.25,,0.08,,0.36,,0.41,,,,,,0.21,0.03,,,,,,,9.21,,12.68,3.93,1.46,1.63,1.02,0.74,1.92,3.04,0.64,0.7,2.34,0.55,0.16,0.21,0.21,0.09,0.05,0.09,0.05,,0.03,0.06,0.09,0.02,0.07,0.06,0.07,0.08,0.14,0.09,0.06,0.05,,0.04,0.11,0.23,0.03,,,0.01,0.01,0.02,0.04,0.04,,,0.09,0.07,,,,,,,,,,,,,,,,,,0.08,,,,,,,0.04,0.07,0.17,0.14,0.08,0.1,,,,,,,0.02,0.07,,0.03,,,0.04,0.06,0.13,,,,,0.03,,,,,,,,,,,,,,,,,,,0.05,,,,0.12,,,,,,0.05,,,,,,,,,,,,,,,,,,,,,,0.07,,,,,,,
湘潭市,,,,,,,,,,,,,,0.19,,,0.15,,0.39,0.08,0.22,,,0.65,0.22,0.09,,,,,,,,,,,,,,,,,,,,,0.07,,,,,,,,,,,,,,,,,0.03,,,,,,,,,,,,,,,,,,,,,,,,,,,,,,,,,,,,,,,,,,,,,,,,,,,,,,,0.04,,,,0.04,0.16,,,,,,0.04,,,,,,,,,,,,,,,,,,,,,0.1,,1.17,0.13,0.24,,,0.12,0.25,0.12,,,,,,,,,,,,,,,,,,,,,,,,,,,,,,,,,,,,,0.04,,,,,,0.04,0.06,0.05,,0.06,,,,12.31,10.83,,2.14,1.01,1.12,0.87,0.51,1.29,0.42,0.32,0.68,7.59,0.38,0.09,0.17,0.08,0.03,,0.04,0.03,,,0.05,0.04,0.01,,,0.06,0.07,0.05,0.03,0.03,,,0.05,0.09,0.17,0.04,,,0.01,,0.02,,0.06,0.03,0.04,0.02,0.08,,,,,0.05,,,,,,,,,,,,,,,,,,,,0.09,0.31,0.29,0.65,0.32,0.16,,,,,0.11,,0.04,0.23,0.03,0.04,0.1,,,,0.06,,,,,0.03,,,,,,,,,,,,0.03,,,,,,,,0.04,,0.13,,,,,,,,,,,,,,,,,,,,,,,,,,,,,,,,,,,,
衡阳市,0.19,,,,,,,,,,0.21,,0.36,0.25,,,0.27,,3.01,0.35,0.42,0.29,,0.4,0.19,,,,,,,,,,,,,,,,,,,,,,,,,0.16,,0.08,,,,,,,,,,,,,,,,,,,,,,,,,,,,,,,,,,,,,,,,,,,,,,,,,,,,,,,,,,,,,,,0.08,,,,,0.1,0.14,0.07,,0.11,,,,,,,,0.14,,0.03,,,,,,,0.05,0.14,0.07,0.12,0.08,0.19,0.04,0.09,0.09,0.16,0.21,0.04,0.49,0.15,0.16,0.12,0.16,0.22,0.35,0.14,0.05,,,,,,,,,,,,,,,,,,,,,0.13,,,,,,,0.2,,0.27,,,,0.14,0.58,0.13,,,,,,0.12,0.17,0.02,,,,,0.58,5.36,6.34,4.72,,2.83,0.67,0.86,0.62,0.82,7.63,6.21,0.8,2.65,0.37,0.99,0.94,0.41,0.19,0.05,0.45,0.25,0.05,0.02,0.12,0.3,0.08,0.03,0.07,0.06,0.4,0.48,0.55,0.04,0.04,0.05,0.15,0.3,0.97,0.09,0.28,0.17,0.02,0.04,0.07,0.08,0.28,0.14,0.11,0.06,0.14,0.58,,0.58,,,,0.12,,,,,,,,,,0.11,,,,,,,,0.06,0.17,0.37,0.3,0.13,0.29,0.58,0.58,0.58,0.06,0.04,,,,,0.07,0.04,,0.04,0.23,0.25,,,,,0.03,,,,,,,,,,,0.05,,,,,0.07,,,,,,,,,,,,,,,,,,,,0.32,,,,,,,,,0.58,,,,0.58,,,0.58,0.58,0.58,,0.58,0.58,0.58
邵阳市,,,,,,,,,,,0.24,,0.28,0.18,,,0.16,,1.94,0.48,,0.51,0.21,1.79,0.53,0.18,,,,,,,,,,,,,,,,,,,,,,,,,,,,,,,,,,,,,,,,,,,,,,,,,,,,,,,,,,,,,,,,,,,,,,,,,0.05,,,,,,,,,,,,,,,,0.06,0.1,0.12,0.07,,0.06,0.22,,,,0.12,,,,,,,,,0.03,,,,,,,0.03,,0.07,0.18,,0.2,0.04,,,,0.11,,0.6,,0.07,0.26,0.1,0.17,0.25,,0.05,,,,,,,,,,,,,,,,,,,,,,,,,,,0.08,,,,,,,,0.55,,,,0.14,0.07,,0.04,,0.08,,0.06,,,0.55,4.94,1.36,1.43,2.31,,0.59,0.71,0.73,0.89,0.63,2.48,4.53,9.79,0.84,0.38,0.19,0.5,0.18,0.04,0.14,0.08,0.06,0.03,0.04,0.21,0.02,0.04,0.1,0.03,0.39,0.62,0.17,0.03,0.04,0.04,0.1,0.47,2.21,0.07,0.13,0.06,0.03,0.06,0.03,0.09,0.14,0.12,0.09,0.06,0.03,0.55,,0.55,,0.09,,0.18,,,,0.06,,0.05,0.1,,0.13,0.24,0.28,,0.15,,,,,0.28,1.17,0.56,1.41,0.72,0.91,0.55,0.55,0.55,0.08,0.41,,0.05,0.25,,0.08,0.04,0.13,0.09,0.16,0.18,0.09,0.05,0.04,0.05,0.07,,,,,,,,,,,,,,,,,,,,,,,,,,,,,,,,,0.21,,,,,,,,,0.09,,,0.55,,,,0.55,0.13,,0.55,0.55,0.55,,0.55,0.55,0.55
岳阳市,,,,,,,,,,,,,0.18,0.2,,0.19,10.07,,0.79,0.11,0.26,0.18,,0.2,,,,,,,,,,,,,,,,,,0.08,,,0.06,,0.07,,0.05,,,,,,,,,,,,,0.04,,0.03,0.03,,,,0.04,,,,,,,,,,,,,,,,,,,,,,,0.08,,,,,,,,,,0.05,,,,,,,,,,0.03,,,,,,,,,,,0.11,,,0.05,0.1,,,,,0.07,0.06,,,,,,,0.05,,,0.04,,0.05,0.1,0.02,,,,0.09,,0.56,0.6,0.19,,0.04,0.08,0.16,,0.05,,,,,,,,,,,,,,,,,,0.08,,,0.09,,0.15,,0.13,,0.12,0.11,,0.2,,0.08,,0.18,0.41,0.41,0.12,0.12,0.7,0.07,0.09,0.04,0.27,11.88,0.02,21.38,,0.02,0.41,13.14,1.39,1.66,0.57,0.52,,2.08,0.85,8.05,0.3,0.37,0.41,1.11,0.32,0.16,0.14,0.18,0.12,0.03,0.09,0.1,0.03,,0.02,0.17,,0.02,,0.06,0.07,0.17,0.05,,0.03,0.02,0.05,0.12,0.19,0.08,0.09,,0.03,0.03,,0.04,,0.03,0.07,,0.04,0.41,,0.41,,,,,,,,,,,,,,,,,,,,,,0.06,0.05,0.2,0.08,0.12,0.11,0.41,0.41,0.41,,,,,0.11,,,,,,,,,,,,,,,,,,,,,,,,,,,,0.08,,,,,,,,,,,,,,,,,,,,,,,,,,,,0.08,0.41,,,,0.41,,,0.41,0.41,0.41,,0.41,0.41,0.41
常德市,0.25,,,,,,,,,,,,,0.1,,,8.18,,0.79,0.07,0.3,0.49,0.13,0.45,0.29,,,,,,,,,,,,,,,,,,,0.04,,,,0.03,,,,,,,,,,,,,,,,,,,,,,,,,,,,,,,,,,,0.08,,,,,,,,,,0.04,,,,,,,,,,,,,,,,,,,,,0.04,,,,,,0.05,,0.05,,,,,,0.04,,,,,,,,,,,,,,,,0.15,,,,,,,,,0.21,,0.12,,,0.06,0.17,,,,,,,,,,,,,,,,,,,,,,,,,,,,,,0.06,,,,,,,,0.05,0.18,,1.02,1.31,,0.34,0.03,15.76,0.05,0.06,,0.59,,5.67,0.71,0.86,0.36,0.48,1.48,,15.05,7.33,0.61,0.32,2.2,0.94,1.49,0.16,0.12,0.2,0.16,,0.05,0.11,,0.02,0.01,0.11,0.03,0.03,0.04,0.03,0.07,0.17,0.09,0.06,0.02,0.01,,0.06,0.16,0.01,0.09,,,,,0.03,0.09,0.04,0.02,,0.12,,,,,,,0.07,,0.07,,0.05,0.05,,,,0.21,,0.11,,,,,,,0.14,0.26,0.27,0.25,0.34,0.19,,,,0.04,0.06,,,0.39,,0.03,,,0.04,,,,0.09,,,,,,,,,,,,,,,,,,,,,,,0.04,,,,,,,,,,,,,,,,,0.44,,,0.02,,,,,,,,,,,,,,,,,,
张家界市,,,,,,,,,,,,,,,,,0.88,,0.19,,,,,0.09,,,,,,,,,,,,,,,,,,,,,,,,,,,,,,,,,,,,,,,0.03,0.03,,,,,,,,,,,,,,,,,,,,,,,,,,,,,,,,,,,,,,,,,,,,,,,,,,,,,,,,,,,,,,,,,,,,,,,,,,,,,,,,,,,,,,,,,,,,,,,,,,,,,,,,,,,,,,,,,,,,,,,,,,,,,,,,,,,,,,,,0.03,,,,,,,,,2.14,,1.33,0.15,0.19,0.1,0.18,0.16,5.28,,0.35,0.11,0.08,0.94,0.27,6.12,,0.03,,0.02,,0.02,,,,,0.03,0.02,,,,0.02,0.04,0.02,,,0.01,,,,,,,,,,,,,,,0.04,,,,,,,,,,,,,,,,,,,,,,,,,,0.03,0.09,,0.09,,,,,,,,,0.16,,,,,,,,,,,,,,,,,,,,,,,,,,,,0.05,,,,,,,,,,,,,,,,,,,,,,,,,,,,,,,,,,,,,,,,,,
益阳市,,,,,,,,,,,,,,,,,0.35,,0.63,0.07,,,,,,0.18,,,,,,,,,,,,,,,,,,,,,,,,,,,,,,,,,,,,,,,,,,,,,,,,,,,,,,,,,,,,,,0.1,,,,,,,,,,,,,,,,,,,,,,,,,,,,,,,,0.07,,0.06,,,,,,,,,,,,,,,,,,,,,,,,,,,,,,0.04,0.17,,,,0.05,,0.08,,,,,,,,,,,,,,,,,,,,,,,,,,,,,,,,,,,,,,,,0.12,,,,0.08,0.03,0.45,,0.06,,0.02,,11.58,1.23,1.41,0.41,0.44,6.68,7.25,1.18,,0.22,0.34,0.99,4.51,0.42,0.13,0.08,0.15,0.04,,0.06,0.08,,,0.06,0.06,0.01,,,0.05,0.08,0.16,0.07,0.04,,0.03,0.04,,0.14,0.04,0.07,,0.01,0.04,,,0.05,,,,0.03,,,,,,,,,,,,,,,,,,,,,,,,,,,,0.05,,0.07,,,,,,,,,,,,,,,,,,,,0.03,,,,,,,,,,,,,,,,,,,,,,,,,,,,,,,,,,,,,,0.06,,,,,,0.08,,,,,,,,,,,,,,
郴州市,0.37,,,,,,,,,,,,0.26,0.27,,,0.14,,2.8,0.15,,,,0.23,,0.09,,,,,,,,,,,,,,,,,,,,,0.09,,,,,,,,,,,,,,,,,,,,,,,,,,,,,,,,,,,,,,,,,,,,,,,,,,,,,,,,,,,,,,,,,,,,,,,,,,,,,,,,,,,,,,,,,,,,,,,0.15,0.04,0.17,0.08,,0.04,,0.15,0.07,0.14,,0.32,,0.12,0.1,0.55,0.53,0.1,,,,,,,,,,,,,,,,,,,,,,,,,,,,,,0.12,,0.4,,,,0.23,,0.04,,,0.03,,,0.21,0.03,0.02,,,,0.02,,2.17,3.0,0.77,4.9,0.42,0.5,0.49,0.38,0.38,,6.19,0.28,0.47,0.19,0.41,5.54,0.26,0.19,0.1,0.22,0.09,0.07,0.04,0.15,0.26,0.04,0.07,0.12,0.18,1.46,0.58,0.14,0.04,0.05,0.08,0.04,0.13,0.3,0.07,0.12,,0.05,0.03,0.03,,0.28,0.07,0.03,,,,,,,,0.02,,,,,,,,,,,,,,,,,,,0.04,0.07,0.08,0.26,0.2,0.1,,,,,,,,0.06,,,,,,,,,,,,,,,,,,,,,,,,,,,,,,,,,,,,,,,,,,,,,,,,,,,,,,,0.02,,,,,,,,,,,,0.07,,,
永州市,0.15,,,,,,,,,,,,,0.1,,,0.2,,2.74,1.29,0.22,0.35,,0.19,0.12,,,,,,,,,,,,,,,,,,,,,,,,,,,,,,,,,,,0.06,,,,,,,,,,,,,,,0.04,,,,,,,,,,,,,,,,,,,,,,,,,,,,,,,,,,,,,,,,,,,0.05,,,,0.06,,,,,,,,,,0.06,,,,,,0.03,,,,,,,,,,,0.06,0.07,,,0.16,,0.12,0.1,0.11,,0.18,,,,,,,,,,,,,,,,,,,,,,,,,,,,,,,,,,,,,0.44,,0.06,,,0.1,,0.17,,0.16,0.05,,,,0.44,2.49,0.7,0.74,4.72,2.45,0.59,0.7,0.48,0.49,6.6,,0.57,0.85,0.61,0.51,0.33,0.35,0.17,0.06,0.36,0.24,0.16,0.06,0.23,0.26,0.03,0.07,0.05,0.2,1.16,0.86,0.3,0.04,0.04,0.13,0.23,0.42,4.62,0.28,0.14,0.17,0.05,0.08,0.1,0.08,5.01,0.11,0.21,0.07,,0.44,,0.44,,,,,,,,,,,,,,,0.16,,,,,,,0.04,,,0.06,0.09,0.39,0.44,0.44,0.44,,,,,,,,0.06,,,0.27,0.09,,,,,,,,,,,,,,,,,,,,,,,,,,,,,,,,,,,,,,,,,,,0.06,,,,,,,0.44,,,,0.44,,,0.44,0.44,0.44,,0.44,0.44,0.44
怀化市,0.18,,,,,,,,,,0.33,,0.31,0.16,,,0.11,,0.69,0.27,,0.77,0.29,2.58,0.91,0.18,,,,,,,,,,,,,,,,,,,,,,,,,,,,,,,,,,,,,,0.1,,,,,,,,,,,,,,,,,,0.03,,,,,,,,,,,,,,,,,,,,,,,,,,,,,,,,,0.11,0.11,0.23,,,0.11,0.25,0.08,,0.15,0.06,,,,,,,,,,,,,,,,0.04,0.2,,0.15,0.09,0.14,0.06,0.09,,0.11,0.1,,0.21,0.09,,0.14,,0.15,0.3,0.08,0.09,,,,,,,,,,,,,,,,,,,,,,,,,,,,,,,,,,,0.39,0.04,,,0.03,0.03,,,,0.05,,0.06,,,0.39,2.27,0.55,0.73,0.45,4.09,0.33,2.19,3.03,1.17,0.26,0.21,,1.92,9.12,0.1,0.07,0.18,0.09,,0.06,0.02,0.08,0.03,0.05,0.09,0.04,0.04,0.04,0.04,0.1,0.16,0.06,0.07,0.08,,0.06,0.97,0.6,0.03,,,0.03,0.01,0.04,0.02,0.09,0.03,0.06,0.07,,0.39,,0.39,,0.14,,0.24,0.05,,,0.11,0.15,0.09,,,0.48,0.12,0.26,,0.16,0.08,,,0.04,0.4,0.82,0.58,0.66,0.87,3.35,0.39,0.39,0.39,0.1,0.41,0.07,0.07,1.08,,0.07,,0.08,0.13,0.05,,0.05,0.07,,,,,,,,,,,,,,,,,,,,,,,,,,,,,,,,,,,,,,,,,,,,0.02,,,,0.39,,,,0.39,,,0.39,0.39,0.39,,0.39,0.39,0.39
娄底市,0.38,,,,,,,,,,,,,0.11,,,0.1,,0.69,0.09,,,,0.47,0.24,0.45,,,,,0.15,,,,,,,,,,,,,,,,,,,,,,,,,,,,,,0.05,,,,,,,,,,,,,,,,,,,,,,,,,,,,,,,,,,,,,,,,,,,,,,,,,,,,,,,,,,,,,,,,,,,,,,,,,,,,,,,,,,,,,,,,,,0.08,,0.28,,,0.15,0.04,0.1,0.2,,,,,,,,,,,,,,,,,,,,,,,,,,,,,,,,,,,,,,,0.06,,0.03,,,0.04,0.03,0.05,0.02,0.06,,,,5.75,1.46,9.05,1.22,5.96,0.58,0.64,0.62,4.19,0.41,0.4,1.43,,0.44,0.14,0.12,0.14,0.06,,0.12,0.05,,,0.06,0.09,,0.02,0.04,0.03,0.1,0.17,0.04,,,,,0.08,0.24,0.05,,,0.01,,,0.04,0.05,,0.07,0.04,,,,,,,,,,,,,,,,,0.24,,,,,,,,,0.12,0.15,0.29,0.2,0.45,0.17,,,,,0.06,,,0.33,,0.05,,,,,,,,0.08,,0.07,,,,,,,,,,,,,,,,,,,,,,,,,,,,,,,,,,,,,,,,0.02,,,,0.11,,,,,,,,,,,0.23,,,
湘西土家族苗族自治州,,,,,,,,,,,0.21,,,0.08,,,5.34,,0.27,0.04,,1.13,0.14,0.83,0.28,,,,,,,,,,,,,,,,,,,,,,,,,,,,,,,,,,,,,,,,,,,,,,,,,,,,,,,,,,,,,,,,,,,,,,,,,,,,,,,,,,,,,,,,,,,0.22,,,,,0.15,0.07,,,,,,,,,,0.04,,,,,,,,,,,,,0.04,0.09,0.03,,,,,0.07,0.13,,0.12,0.14,,,0.14,0.08,0.03,,,,,,,,,,,,,,,,,,,,,,,,,,,,,,,,,,,,0.04,,0.06,,0.03,,0.08,,0.08,,,,13.08,,1.65,0.24,0.49,0.13,0.41,0.24,1.2,12.63,0.34,0.17,0.09,5.57,0.69,,0.05,0.03,0.06,0.03,0.05,0.05,,,,0.01,0.03,,,,,0.03,0.04,,0.07,0.03,0.01,,,,,,,0.01,,0.01,,,,0.03,,,,,,,0.05,,,,,,,,0.07,0.1,,0.1,0.11,0.14,,0.12,0.07,,,,0.07,0.12,0.19,0.12,0.3,2.68,,,,,0.06,,,0.43,,,,,0.06,,,,,,,,,,,,,,,,,,,,,,,,,,,,,,,,,,,0.09,,,,,,,,,,,,,,,,,,,,,,,,,,,,,,
广州市,0.59,0.24,0.43,0.52,0.25,1.16,0.69,1.02,0.54,0.49,1.58,0.55,4.1,6.26,0.6,2.38,1.51,13.18,,10.88,5.17,2.38,3.12,3.48,1.7,0.91,1.36,0.69,0.47,0.92,6.86,0.52,0.17,0.25,0.23,0.31,0.42,0.12,0.13,0.31,0.08,0.16,0.11,0.37,0.12,0.13,0.12,0.09,0.14,0.67,0.06,0.21,0.04,0.11,0.16,0.05,0.29,0.09,,0.19,0.1,0.03,0.06,0.1,,0.4,0.64,0.35,0.26,0.22,0.56,0.15,0.23,0.26,0.22,0.08,0.21,0.1,0.3,0.29,0.39,0.18,0.05,0.23,0.2,0.17,0.14,0.4,1.05,0.24,0.25,0.44,0.38,0.28,0.06,0.37,0.18,0.71,0.17,0.24,0.93,0.26,0.11,0.25,0.16,0.17,0.34,0.16,0.22,0.13,0.26,0.15,0.23,0.12,0.3,0.34,2.52,0.14,0.1,0.34,0.63,0.37,0.22,0.94,0.46,0.42,0.5,0.28,0.28,0.21,0.11,0.23,0.57,0.38,0.15,0.55,0.15,0.4,0.28,0.49,0.2,1.25,0.66,1.37,1.25,1.32,1.7,2.02,1.92,1.5,2.03,0.97,4.01,2.64,1.81,0.76,14.11,5.39,3.89,2.5,1.26,0.24,0.29,0.07,0.31,,0.29,0.28,0.17,0.2,0.53,0.13,0.16,0.21,0.1,0.19,0.09,0.37,0.45,0.4,0.75,1.03,0.65,0.39,0.5,0.44,0.34,0.9,1.79,0.4,2.79,0.34,2.31,1.48,3.85,1.76,0.27,0.12,0.56,0.17,0.43,,0.38,0.2,0.45,0.32,0.66,0.51,0.29,1.76,1.77,4.31,2.47,18.11,8.13,4.29,5.04,2.82,3.42,13.35,11.49,3.84,3.93,3.0,,28.18,7.7,6.57,12.2,45.12,15.88,20.59,17.71,19.0,9.78,17.12,17.84,13.4,18.51,42.43,15.59,9.77,9.1,15.86,18.7,3.78,3.11,5.06,10.16,5.01,2.92,8.5,7.81,7.16,3.88,8.0,4.33,2.69,3.7,0.85,1.76,,1.76,0.64,1.3,0.23,1.41,0.45,0.64,0.82,0.78,1.31,0.71,3.34,0.53,0.82,2.31,3.91,0.15,1.0,0.78,,0.04,0.33,0.64,1.13,2.1,0.87,1.58,3.01,1.76,1.76,1.76,0.35,0.44,0.23,0.69,0.36,0.15,0.19,0.51,0.32,0.42,1.86,0.39,0.7,0.73,0.04,0.05,0.11,,,,,,,0.36,0.08,0.37,0.24,0.39,0.1,1.1,0.05,1.14,0.28,0.37,,0.05,0.17,0.45,0.22,0.09,0.13,0.11,0.32,0.18,0.29,0.07,,0.13,,0.21,0.2,,,,,0.4,0.22,0.31,0.21,0.2,0.94,1.76,,,1.08,1.76,0.59,2.45,1.76,1.76,1.76,3.07,1.76,1.76,1.76
韶关市,,,,,,,,,,,,,,0.51,,0.2,0.15,1.2,,0.16,,,,,,,,,,,,,,,,,,,,,,,,,,,,,,,,,,,,,,,,,,,,,,,,,0.03,,,,,,,,,,,,,,,,0.2,,,,,,,,0.14,,0.06,,,,,,,,,,,,,,,,,,,,,,,,,,,,,,0.04,,,0.06,,,0.05,,,,,,,0.03,,0.06,,,,,,,0.04,,0.06,,0.11,0.04,0.33,0.17,0.38,0.14,1.49,0.17,0.21,0.09,0.07,,,,,,,,,,,,,,,,,,,,,0.14,,,,,,0.08,0.13,,0.38,,0.11,,0.35,,0.04,,0.06,,,,0.08,0.13,0.02,,0.06,,0.02,,0.19,0.29,0.6,0.91,0.2,0.31,0.33,0.34,0.18,4.75,0.25,0.14,0.42,0.1,1.78,,0.5,0.3,0.2,0.89,0.4,0.26,0.15,0.27,0.39,0.2,0.17,2.26,0.36,5.91,0.57,0.35,0.13,0.28,0.28,0.1,0.06,0.1,0.11,,0.1,0.09,0.08,0.08,0.07,0.19,0.03,0.07,,,,,,,,,,,,,,,,0.1,,,,,,,,,,,,,,,,0.08,,,,,,,,,,,,,,0.07,,,,,,,,,,,,,,,,,,,,,,,,,,,,,,,,,,,,,,,,,,,,,,,,,,,,,,,,,,,,,,,,
深圳市,0.65,0.24,0.33,0.66,0.47,1.26,1.14,1.44,0.66,0.65,1.21,0.84,4.51,6.76,0.76,2.88,1.25,10.02,,10.29,5.23,3.01,3.27,2.61,2.4,0.63,2.8,1.29,0.34,0.7,1.46,0.28,0.12,0.22,0.3,0.2,0.21,0.16,0.13,0.28,0.06,0.19,0.37,0.14,0.1,0.17,0.24,0.19,0.19,0.56,0.24,0.27,0.09,0.18,0.3,0.18,0.29,0.27,0.03,0.54,0.18,0.14,0.24,0.18,0.06,0.36,0.64,0.22,0.5,0.43,0.77,0.16,0.3,0.61,0.19,0.12,0.24,0.21,0.25,0.6,0.57,0.17,0.21,0.3,0.41,0.25,0.25,0.6,1.08,0.25,0.71,0.53,0.34,0.8,0.72,0.68,0.72,1.55,0.85,0.28,0.31,0.26,0.2,0.26,0.23,0.2,0.44,0.17,0.23,0.29,0.38,0.16,0.48,0.12,0.39,0.36,1.56,0.07,0.1,0.17,0.54,0.4,0.41,0.59,0.21,0.48,0.37,0.33,0.46,0.28,0.24,0.38,1.45,0.28,0.24,0.81,0.3,0.33,0.64,0.66,0.28,1.09,0.89,1.95,1.71,1.87,1.65,1.23,2.4,1.0,2.81,1.45,5.99,5.23,7.08,1.01,7.01,10.01,5.85,4.35,1.85,0.24,0.36,0.08,0.15,0.13,0.38,0.31,0.17,0.23,0.57,0.12,0.16,0.23,0.12,0.56,0.12,0.54,0.36,0.71,0.99,1.41,0.4,0.55,0.4,0.49,0.52,0.89,1.87,0.69,4.38,0.84,2.09,1.61,4.38,1.39,0.13,0.31,0.18,0.38,0.18,0.19,0.17,0.37,0.29,0.44,0.26,0.72,0.2,1.39,1.61,4.51,1.86,5.75,10.19,4.58,4.96,3.03,2.82,8.38,7.08,6.83,4.31,2.56,6.39,7.98,,3.68,11.76,2.94,4.76,11.15,14.19,2.95,37.29,26.39,30.74,23.05,8.61,3.82,38.3,3.62,5.84,16.77,6.45,3.36,3.68,6.07,4.89,4.33,3.18,5.1,4.26,8.15,5.22,6.71,7.08,4.21,7.81,0.65,1.39,,1.39,0.64,1.06,0.43,0.93,0.46,0.96,0.59,1.16,1.14,0.84,3.25,1.28,0.55,2.54,4.43,0.22,1.15,0.69,,0.04,0.56,0.62,0.47,1.5,0.58,1.45,1.28,1.39,1.39,1.39,0.43,0.55,0.2,1.03,0.58,0.25,0.47,1.43,0.72,0.85,2.22,0.2,0.72,0.84,0.59,0.32,,,,,,,,0.57,0.25,0.95,0.48,0.87,0.21,2.82,0.13,1.87,0.74,0.3,0.02,0.1,0.32,0.89,0.39,0.4,0.49,0.18,1.18,0.3,0.51,0.13,0.15,0.07,,0.15,,,,0.22,0.06,0.35,0.07,0.23,0.12,0.18,0.58,1.39,,,0.2,1.39,,0.07,1.39,1.39,1.39,0.61,1.39,1.39,1.39
珠海市,,,0.12,,,0.17,,0.16,0.1,0.11,,,0.39,0.34,,0.29,,1.11,,1.08,0.6,0.42,0.42,0.25,0.45,,0.23,,,,,0.32,,,,,,,,,,,0.06,,,,0.05,,,,,,,,0.07,,,,,,,,,,,0.04,,,0.09,,,,0.05,0.04,0.05,,0.04,,0.09,,0.06,,,,0.05,,,0.1,0.12,0.1,,,0.04,,,,0.27,0.06,0.17,0.06,,0.06,,,,,0.07,0.05,0.05,,0.12,,0.1,,,,,,,,,,0.2,,,,,,0.04,,0.05,,0.11,,,,,,,,,0.17,0.06,0.2,0.05,0.18,0.14,0.1,0.11,,0.28,0.07,0.4,0.21,0.19,,0.38,0.43,0.24,0.25,0.08,,,,,,,,,,,,,,,,,,,0.07,0.12,0.1,0.1,,0.14,0.1,,0.1,0.11,,0.31,,0.53,0.13,0.27,0.38,0.02,,,,,,,,0.05,,,,,0.38,0.42,0.52,0.25,0.52,0.75,0.43,0.71,0.56,0.44,1.02,0.91,0.56,0.37,0.16,1.48,1.3,1.04,,0.9,0.93,7.56,3.03,2.54,0.88,0.55,1.05,1.38,0.72,4.53,1.03,0.85,33.13,0.51,0.91,1.33,0.35,0.31,0.81,0.77,0.49,0.21,0.29,0.77,0.73,0.4,1.24,0.67,0.46,0.15,0.07,0.38,,0.38,0.07,0.16,,0.29,0.09,0.07,0.39,0.2,0.33,,0.48,0.05,0.09,0.39,0.17,,,0.05,,,0.03,0.13,0.08,0.15,,0.04,0.35,0.38,0.38,0.38,0.07,0.07,0.13,0.19,,0.06,,0.08,0.09,0.12,0.59,,0.26,0.17,0.29,,,,,,,,,,,0.09,0.05,0.1,,0.24,,0.12,,,,,0.06,,,0.06,,0.02,,0.03,,,,,,,,,,,,,0.02,,,,,0.38,,,0.08,0.38,,0.07,0.38,0.38,0.38,0.07,0.38,0.38,0.38
汕头市,,,,,,,,,,,0.18,0.23,3.32,1.64,,0.69,0.1,0.53,,0.52,0.4,0.31,0.81,0.61,0.54,,,,,,,,,,,,,,,,,,,,,,,,,,,,,,,,,,,,,,,,,,,,,,,,,,,,0.03,0.05,,,,,0.02,,,0.04,,,,,,,,,,,,,,,,,,,0.05,,,,,,,,0.05,,,,0.2,,,0.06,0.14,,,0.13,,,,0.42,0.07,0.06,0.05,,,0.07,0.04,0.23,0.13,,0.41,,,0.43,0.35,0.34,0.49,0.69,4.76,0.23,0.72,0.58,0.14,0.69,0.36,2.22,0.16,0.12,3.61,0.63,0.28,0.88,0.65,,,,,,,,,,,,,,,,,,,0.08,,0.1,,,,,,,,,3.47,0.09,0.14,0.24,0.28,,,,,,0.1,,,,,0.08,,,0.05,,0.08,0.43,,0.2,0.21,0.12,0.29,0.62,0.09,0.31,0.6,0.57,0.16,0.4,0.94,0.23,0.97,0.27,,0.29,0.36,0.34,0.18,0.12,0.7,2.46,3.08,0.64,0.17,0.2,0.48,0.2,42.98,25.94,0.19,0.14,0.25,0.43,0.1,0.15,0.1,0.07,0.13,0.09,1.05,0.36,0.37,0.03,0.74,0.04,,,,0.05,0.08,,1.6,0.11,0.1,,0.12,0.13,,0.42,0.05,0.35,0.19,0.8,,1.67,0.1,,,,0.07,0.05,0.4,0.1,0.24,0.41,,,,,0.18,0.05,0.1,,,0.05,0.19,0.03,0.43,0.7,,0.31,0.15,,,,,,,,,,,,,,,,,,,0.05,,,,,,,,,,,,,,,,,,,,,,,,,,0.02,,,,,,,,,,,,,,,,
佛山市,,0.09,0.17,0.16,0.11,0.31,0.44,0.22,0.11,0.21,0.74,0.31,1.82,2.99,0.22,0.99,0.3,6.28,,16.06,1.94,1.79,2.78,2.48,1.88,0.27,0.5,0.2,,0.12,,0.13,,,0.14,0.15,0.12,,0.07,0.18,0.05,0.12,0.03,,,,,,0.05,0.3,,,,,,,0.11,0.07,,0.16,,0.11,0.06,,,0.1,0.15,0.06,,,0.11,0.09,0.06,0.09,0.12,,0.03,,0.13,0.19,0.17,0.15,0.02,0.15,0.2,0.07,0.21,0.15,0.22,,,0.08,,0.08,0.13,,,0.22,0.34,0.05,,0.1,0.06,0.1,0.05,0.07,0.17,0.13,0.07,0.14,0.07,0.05,,,0.1,0.19,1.33,0.05,,0.14,0.32,0.21,0.09,0.39,0.09,0.12,0.15,0.09,0.07,0.11,,0.12,0.39,0.19,0.12,0.34,0.08,0.12,0.4,0.1,0.16,0.68,0.21,0.79,0.35,0.81,0.65,0.27,1.19,0.4,0.68,0.3,2.06,4.02,1.09,0.31,5.13,1.88,2.13,1.78,0.52,0.05,0.1,0.06,0.08,,0.12,,,,,0.03,,0.11,0.07,0.16,,0.14,0.16,0.14,0.27,0.47,0.15,0.27,0.24,0.23,,0.3,0.64,0.13,1.62,0.17,1.34,0.47,1.26,1.27,0.04,,0.06,,0.1,,0.12,0.03,0.08,0.05,0.13,0.2,0.08,1.27,0.54,2.82,1.06,7.44,2.27,3.47,2.37,3.14,2.2,4.55,6.08,2.72,2.29,3.11,31.04,12.29,2.78,2.9,2.47,,19.88,9.01,7.08,42.48,2.33,4.2,3.74,4.29,10.26,20.71,4.12,19.92,1.75,3.25,19.47,5.18,2.79,7.25,17.79,2.94,1.84,7.85,18.92,7.6,7.06,15.03,6.28,3.86,4.36,0.36,1.27,,1.27,0.24,2.11,0.28,2.53,0.47,0.78,0.49,2.2,1.21,0.43,1.9,0.34,1.04,3.0,2.63,0.11,0.61,0.36,,,0.19,0.24,0.27,2.02,0.77,0.4,3.98,1.27,1.27,1.27,0.19,0.44,0.07,0.38,0.51,0.3,0.15,0.47,0.4,0.54,2.93,,0.63,0.81,0.12,0.05,0.11,,,,,,,0.08,,0.15,0.07,0.15,,0.48,,0.55,0.14,,,0.05,0.09,0.17,0.16,,,0.04,0.07,0.11,,0.02,,,,,,,,0.22,,,0.1,0.05,,0.06,,1.27,,,,1.27,,,1.27,1.27,1.27,,1.27,1.27,1.27
江门市,,,,,,,,,,,,0.08,0.43,0.52,,0.24,,1.16,,3.5,0.57,0.58,0.51,1.35,0.87,,0.22,,,,,,,,,,,,,,,,,,,,,,,,,,,,,0.01,,,,,,,0.06,,,,,,0.09,,0.14,,,,,0.02,,,,,,0.03,,,,,,,,,,0.08,0.04,,,,,,,,,,,,,,,,,,,,,,,,0.2,,,,,,,,0.23,,,,,,0.05,0.04,0.06,0.05,,0.15,,,0.06,,0.03,0.16,0.1,0.14,0.08,0.24,0.13,0.08,0.11,0.06,0.19,0.08,0.36,0.63,0.12,0.09,0.66,0.5,0.5,0.12,0.19,,,,,,,,,,,,,,,,,,,,0.11,,,,,0.11,,,0.11,,0.61,,0.12,0.12,0.31,,,,,,,,0.04,,0.08,0.02,,,0.02,,0.13,0.79,0.18,0.83,0.51,0.59,0.7,0.45,0.39,0.85,1.38,0.46,0.58,0.34,2.82,1.12,0.93,5.77,0.32,5.63,,2.13,2.2,2.57,0.61,0.84,0.49,0.54,10.02,1.27,1.22,10.6,0.32,0.41,5.28,0.84,1.04,1.41,3.19,0.86,0.41,1.21,2.92,1.44,3.32,2.99,2.31,1.13,1.76,0.03,,,,,0.19,0.05,0.54,,0.1,,0.4,0.28,0.08,0.34,0.05,0.37,0.6,0.28,,0.15,0.24,,,,0.11,0.13,0.57,0.13,0.08,4.55,,,,0.03,0.2,0.07,0.08,0.15,0.12,0.04,0.08,0.23,0.29,2.0,,0.08,,,,,,,,,,,,0.06,,,0.16,,0.15,,0.18,0.04,,,,,0.06,,,,0.04,,,,,,,,,,,,,,,0.07,,0.07,,,,,,,,0.06,,,,,,,,
湛江市,,,,,,,,,,,,,0.34,0.15,,,0.11,0.28,,3.11,10.35,0.18,0.21,0.23,0.28,,,,,,,,,0.09,,,,,,,,,,,,,,,,,,,,,0.03,,,,,,,,,,,,0.1,,,,0.07,,0.06,,,,,,,,0.07,,,,,,0.04,,,,,,,0.12,,,,0.06,,,,0.04,,,,,,0.05,,,0.08,,,,,,,,,,,,,,,,,,,,,,,,,,,,0.06,,,0.14,,0.2,0.06,0.14,0.16,0.08,0.09,0.08,0.23,0.06,0.05,0.11,,,0.14,0.07,0.2,,0.03,,,,0.08,,,,,0.09,,,,0.1,,,,,0.07,,,0.09,,,0.13,0.12,,,,,,,0.11,,0.09,0.51,0.04,,,,0.03,,,,0.05,,0.06,,,0.51,0.08,0.1,0.04,0.15,0.16,0.11,0.14,,0.1,0.2,0.33,0.19,0.12,0.06,1.84,0.58,0.9,1.44,0.37,1.06,1.37,,13.95,0.42,0.29,0.17,0.19,0.27,2.6,0.46,0.8,0.84,0.13,0.17,0.92,1.23,0.51,0.54,0.62,8.32,1.34,1.23,0.65,5.55,0.63,0.24,0.78,0.53,0.49,2.77,0.51,13.11,0.51,,0.1,0.02,,,,,0.06,0.05,,,0.16,0.07,0.12,0.23,,0.42,0.04,,,,0.07,0.15,0.12,0.05,0.05,0.14,0.51,0.51,0.51,0.04,0.08,0.02,,,,0.08,,,0.05,0.6,,,0.11,,,,,,,,,,,,,,,,,,,,,,,0.05,,,,,0.09,,,,,,,,,,,,,,,,0.04,,,,0.51,,,0.08,0.51,0.06,,0.51,0.51,0.51,,0.51,0.51,0.51
茂名市,,,,,,,,,,,,,,,,,0.11,0.21,,2.16,1.08,,,0.13,0.24,,,,,,,,,,,,,,,,,,,,,,,,,,,,,,,,,,,,,,,,,,,,,,,,0.04,,,0.02,,,,,,,,,,,,,,,,,,,,,,,,,,,,,,,,,,,,0.03,,,,,,,,,,,0.06,,,,,,,,,,,,,,,,,,,,,,0.07,,0.05,,,,,,,,0.09,,0.06,0.07,,,,,,,,,,,,,,,,,,,,,,,,,,,,,,,,,,,,,,0.54,0.04,0.06,,0.07,,,0.04,,,,0.06,,,0.54,0.08,,0.05,0.09,0.17,,0.07,0.12,0.03,0.15,0.18,0.1,0.23,0.06,1.62,0.26,1.18,1.62,0.09,0.99,1.42,13.59,,0.63,0.42,0.06,0.19,0.24,10.27,0.46,1.36,0.83,0.06,0.1,3.37,0.45,0.22,0.46,1.14,1.38,0.47,0.5,0.28,5.6,0.64,0.3,0.29,0.17,0.3,0.21,0.54,,0.54,,,,,,,,,,,,0.1,,,0.11,,,,,,,,,0.07,,,0.11,0.54,0.54,0.54,,0.05,0.03,0.04,,,0.03,,0.06,0.06,0.53,,,0.07,,,,,,,,,,,,,,,,,,,,,,,,,,,,,,,,,,,,,,,,,,,,,,,,0.54,,,,0.54,,,0.54,0.54,0.54,,0.54,0.54,0.54
肇庆市,,,,,,,,,,,,,0.43,0.17,,,,0.72,,2.41,0.3,0.43,0.46,0.98,0.26,,,,,,,,,,,,,,,,,,,,,,,,,,,,,,,,,,,,0.09,,,,,,,,,,,,,,,,,,,,,,0.05,0.08,,,,,,,,,,,,,,,,,,,,,,,,,0.04,,,,,,,,,,,,,,,,,,,,,0.03,,,,,,,,,,0.06,,,,1.11,,0.1,0.07,,,0.08,,0.06,0.13,0.15,,,0.21,0.16,0.18,0.12,,,,,,,,,,,,,,,,,,,,,,,,,,,,,,,0.34,,0.09,,0.13,,,,,,0.03,0.19,,,,,0.06,,0.02,,0.11,0.36,0.1,0.45,0.45,0.23,0.29,0.34,0.37,0.62,0.88,0.27,0.33,0.33,2.32,0.84,0.49,0.46,0.22,6.45,1.87,0.58,0.91,,0.45,0.39,0.27,0.46,1.28,3.03,0.65,1.12,0.2,0.26,14.82,0.52,0.78,0.88,4.96,0.22,0.21,0.63,1.53,0.71,1.41,4.34,1.15,0.57,0.38,0.04,,,,,0.23,,0.52,0.07,,0.11,,0.28,0.11,0.77,0.08,0.16,0.35,0.24,,,0.06,,,,0.07,0.04,0.54,0.16,0.21,2.37,,,,,0.09,,0.11,0.06,,0.03,,0.02,0.05,0.42,,0.05,,,,,,,,,,,,,,,,,,,0.11,,,,,,,,0.06,,0.02,,,,,,,,,,0.04,,,,,,,,,,,,,,,,,,,,,,,
惠州市,,,,,,0.16,0.26,0.16,,0.11,0.28,0.25,1.62,1.84,,1.04,0.18,2.84,,2.36,0.68,1.33,1.36,1.48,1.49,0.09,0.5,0.27,,,,,,0.1,,0.1,,,,,,,,,0.04,,,,,,,,,0.05,,,,0.07,,,0.03,0.02,,,,0.05,,,0.15,,0.09,,,0.09,,,0.06,,,0.07,0.17,0.05,0.1,0.13,0.15,0.11,,0.1,0.1,,,0.08,,0.1,,0.14,,0.16,,0.07,,,,,,,,,,,0.07,,0.05,,0.05,,0.25,0.05,0.04,0.05,0.11,0.15,0.25,0.19,0.12,0.09,0.06,0.09,0.12,0.07,0.03,0.04,0.41,0.08,0.07,0.44,0.08,0.1,0.11,,,0.48,0.23,0.44,0.48,0.79,0.67,0.26,0.93,0.42,0.64,0.13,1.13,1.04,0.8,0.24,3.17,2.78,1.07,1.2,0.28,,,,,,,,,,0.1,,,,,,,,,0.2,0.27,0.39,0.2,0.15,0.31,,0.24,0.22,0.32,0.3,1.3,0.18,0.86,0.63,2.13,0.66,,0.12,0.12,0.07,0.1,,,,0.05,0.02,0.06,0.1,0.05,0.66,0.28,0.78,0.49,1.65,2.28,1.33,2.07,1.37,0.81,3.13,2.67,1.5,1.16,0.58,3.31,2.69,16.72,0.76,2.42,1.1,1.13,1.68,2.28,0.88,,8.85,14.75,25.05,1.82,1.33,12.31,0.88,1.67,4.73,1.61,0.96,0.84,1.37,0.73,0.66,0.43,1.01,1.0,2.0,1.46,1.79,1.78,0.86,1.03,0.06,0.66,,0.66,0.12,0.34,0.07,0.57,0.05,0.2,0.38,0.27,0.43,0.18,0.92,0.4,0.28,2.74,1.93,0.08,0.15,0.26,,0.04,0.34,0.09,0.31,1.04,0.65,0.4,1.8,0.66,0.66,0.66,0.13,0.61,0.13,0.62,0.2,0.03,0.13,0.94,0.21,1.02,1.43,,0.37,0.33,0.21,0.05,,,,,,,,0.07,0.06,0.12,0.07,0.14,,0.57,,0.39,0.3,,,,0.09,0.2,0.13,,0.12,,0.17,0.04,0.23,0.07,,,,0.05,,,,,,0.03,,0.02,,,,0.66,,,,0.66,,0.07,0.66,0.66,0.66,,0.66,0.66,0.66
梅州市,,,,,,,,,,,,,1.82,0.66,,,,0.16,,0.1,,,,,,,,,,,,,,,,,,,,,,,,,,,,,,,,,,,,,,,,,,,,,,,,,,,,,,,,,,,,,,,,,,,,,,,,0.08,,,,,,,,,,,,,,,,,,,,,,,,,,,,,,,0.06,,,,,,,,,,0.06,,,,,,,,,,0.08,,0.3,0.2,0.67,0.1,5.74,0.08,0.09,0.07,,0.17,,,2.26,0.26,0.11,0.33,,,,,,,,,,,,,0.03,,,,,,,,,,,,,,,,,,,,,,,,0.02,,,,,,,,,0.02,,,0.02,,,0.1,0.07,0.08,0.07,0.09,0.06,0.08,,0.17,0.18,0.07,0.08,0.07,1.06,0.5,1.42,0.33,1.55,0.29,0.22,0.09,0.15,0.16,1.51,,0.87,4.09,0.13,0.24,0.74,0.28,3.87,3.58,0.16,0.03,0.07,0.13,0.06,,,0.09,0.04,0.06,0.02,0.06,0.06,0.03,,0.04,,,,,,,,,,,,,,,,,,0.07,,,,,,,,,,,,0.14,,,,,,,,,,,,,,,,0.03,,,,,,,,,,,,,,,,,,,,,,,,,,,,,,,,,,,,,,,,,,,,,,,,,,,,,,,,,,,,,,
汕尾市,,,,,,,,,,,,,0.56,0.12,,,,0.18,,0.14,,0.27,0.44,0.09,,,,,,,,,,,,,,,,,,,,0.04,,,,0.13,,,,,,,,,,,,,,,,,,,,,,0.05,,,,,,,,,,,,,0.16,,,,,,,,,,,,,,,,,,,,,,,,,,,,,,,,,,,,,,,,,,0.06,,,,,,,,,,,,,,,,,0.21,0.1,,,0.23,0.44,0.05,0.17,0.08,,,,0.09,0.24,,0.14,0.13,0.08,0.15,,,,,,,,,,,,,,,,,,,,,,,,,,,,,,,,,0.11,,,,,,,,,,,,,,,,,,,,,0.07,,0.07,0.08,0.17,,0.39,0.18,0.11,,0.05,0.84,0.16,2.31,0.38,1.63,0.31,0.19,0.13,0.1,0.13,3.63,1.01,,0.65,0.35,0.21,0.65,0.32,0.66,4.58,0.08,0.06,,0.14,0.04,0.07,0.04,0.06,0.06,0.05,0.15,0.05,0.13,0.04,0.1,,,,,,,,0.09,,,,,,,0.08,2.06,,0.58,0.45,,,0.04,,,,,,,0.09,,0.08,,,,,,,,,,,,0.02,,0.07,,,,,,,,,,,,,,0.04,,,,,,,,,,,,,,,,,,,,,,,,,,,,,,,,,,,,,,,,,,,,,,,,,,
河源市,,,,,,,,,,,,,0.25,0.55,,,,0.25,,0.15,,,0.16,0.16,0.11,,,,,,,,,,,,,,,,,,,,,,,,,,,,,,,,,,,,,,,,,,,,,,,,,,,,,,,,,,,,,,,,,,,,,,0.06,,,,,,,,,,,,,,,,,,,,,,,,,,,,,,,,,,,,,,,0.07,0.03,,,0.05,,,,,,,0.06,0.13,0.05,0.07,0.24,,0.12,0.09,0.1,0.17,0.14,0.21,1.56,0.35,0.21,0.24,0.07,,,,,,,,,,,,,,,,,,,,,,,,,,,,0.09,,0.15,,0.1,,0.31,,,,,0.03,,,,0.03,,,,,0.02,,,0.04,0.04,0.14,0.18,0.08,0.22,0.23,0.08,0.23,0.11,0.14,0.16,0.13,0.84,2.53,1.53,0.16,0.41,0.37,0.23,0.15,0.16,0.14,4.96,4.53,0.51,,0.29,0.38,1.05,0.23,0.33,0.52,0.29,0.06,0.04,0.12,0.07,,0.08,0.06,0.08,0.15,0.05,0.12,0.08,0.04,,,,,,,,,0.11,,,,,,,0.16,,,0.12,0.41,,,,,,,,,,,0.07,0.37,,,,,,,,0.06,,,0.06,,0.12,0.06,,0.03,,,,,,,,,,,,,,,,,,,,,,,0.05,,,,,,,,,,,,,,,,0.04,,,,,,,,,,,,,,,,,,,,,,,
阳江市,,,,,,,,,,,,,,,,,,0.18,,0.71,0.72,,,0.14,0.15,,,,,,,,,,,,,,,,,,,,,,,,,,,,,,,,,,,,,,,,,,,,,,,,,,,,,,,,,,,,,,,,,,,,,,,,,,,,,,,,,,,,,,,,,,,,,,,,,,0.04,,0.06,,,,,,,,,,,,,,,,,,,,0.04,,,,0.05,,,,0.05,,0.07,,0.11,,,,,,,,,,,,,,,,,,,,,,,,,,,,,,,,,,,,,,,,,,0.06,,,,,,0.02,,,0.1,,,0.05,0.08,0.09,0.06,,,,0.16,0.07,0.11,0.32,0.13,0.09,,0.82,0.29,0.33,1.25,0.03,0.66,3.82,1.49,3.64,0.5,0.11,0.04,0.11,0.11,,0.25,0.38,0.9,0.05,0.07,3.24,0.15,0.11,0.12,0.26,1.57,0.3,0.26,0.1,0.37,0.63,0.22,0.86,0.13,1.15,0.04,,,,,,,,,,,,0.06,,,,,,,,,,,,,,,0.12,,,0.27,,,,,,,,,,,,,,0.47,,,0.09,,,,,,,,,,,,,,,,,,,,,,,,,,,,,,,,,,,,,,,,,,,,,,,,,,,,,,,,,,,,,
清远市,,,,,,,,,,,,,0.21,0.27,,0.2,0.11,2.91,,0.65,0.29,0.4,0.19,0.44,0.16,,,,,,,,,,,,,,,,,,,,,,,,,,,,,,,,,,,,,,,,,,,,,,,,,,,,,0.05,,,,,,,,,,,,,0.12,0.08,,,,,,0.06,,,0.31,,,,,,,,,,,,,,,,,,0.04,,,,,,0.09,,,,,,,0.04,,0.07,,,,,,0.06,,,,,,,0.04,,0.12,0.14,0.1,0.09,0.3,0.21,0.36,0.12,0.4,0.26,0.23,0.1,,,,,,,,,,,,,,,,,,,,,,0.11,,,,,,0.08,,0.08,0.39,,0.18,,0.2,0.38,,,,0.07,0.03,,,,0.05,0.05,,,0.02,0.38,0.17,0.3,0.46,1.45,3.71,0.47,1.22,1.15,0.87,3.09,4.1,1.08,0.98,0.76,7.03,12.19,0.63,0.53,0.3,3.7,1.03,0.58,0.54,2.85,0.62,0.77,0.3,0.64,0.81,,1.16,0.75,0.07,0.32,1.43,0.15,0.2,0.65,0.58,0.19,0.15,0.19,0.39,0.33,0.19,1.49,0.29,0.15,0.14,,0.38,,0.38,,0.05,,0.1,,,,0.07,0.07,,0.13,,0.08,0.28,0.21,,,,0.04,,0.03,0.06,,0.16,0.06,0.04,1.26,0.38,0.38,0.38,,0.04,0.02,0.04,0.07,,0.09,0.08,0.05,,0.19,,,,,0.05,,,,,,,,,,,,,,,,,,,,,0.04,,,,,,,,,,,,,,,,,,,,,,,0.08,,0.38,,,,0.38,,0.07,0.38,0.38,0.38,0.07,0.38,0.38,0.38
东莞市,0.21,0.12,0.2,0.24,,0.36,0.37,0.27,0.22,0.27,0.76,0.57,3.13,5.22,0.3,3.09,0.99,11.24,,14.17,2.71,2.85,3.03,4.0,3.77,0.18,1.89,0.53,,0.21,0.47,0.19,,0.06,0.23,0.18,0.11,,,,0.06,0.1,0.06,0.03,0.1,0.15,0.07,,0.04,0.33,0.05,0.1,0.04,,,,,0.21,,,,0.03,0.24,0.07,,0.1,0.15,0.06,0.12,,0.28,0.11,0.1,,0.1,,0.09,0.05,0.09,0.12,0.21,0.06,0.18,0.19,0.15,0.14,0.06,0.1,0.22,0.1,0.25,,0.14,0.06,0.39,,0.18,0.06,,0.12,0.31,0.1,0.08,0.12,0.12,0.15,0.15,0.07,0.11,0.07,0.15,0.05,0.11,0.05,0.14,0.2,1.02,0.15,0.08,0.18,0.36,0.21,,0.41,0.16,0.23,0.14,0.13,0.16,0.19,0.09,0.16,0.74,0.29,0.08,0.97,0.13,0.16,0.44,0.37,0.09,0.76,0.44,1.51,0.98,1.54,1.08,0.6,1.84,0.66,1.47,0.67,4.0,2.43,2.23,0.85,8.44,8.28,3.82,2.67,1.13,0.08,0.16,,0.06,,0.13,0.07,0.14,,0.14,,,0.11,0.09,0.16,0.05,0.23,0.25,0.55,0.6,1.15,0.22,0.35,0.43,0.15,0.2,0.92,2.09,0.49,5.79,0.48,2.82,1.71,5.05,1.34,0.17,0.18,0.37,0.14,0.25,0.19,0.12,0.06,0.45,0.26,0.33,0.51,0.2,1.34,0.97,2.91,1.14,7.13,10.1,4.49,5.71,3.22,2.69,14.69,13.8,4.5,3.48,2.03,12.15,7.34,38.58,2.73,3.51,4.45,5.46,7.09,15.98,3.92,23.56,10.63,7.72,13.47,9.43,5.68,,4.35,2.23,7.51,7.4,4.39,3.87,4.73,6.41,3.08,5.6,15.36,7.13,12.1,6.85,6.54,8.82,4.87,6.15,0.27,1.34,,1.34,0.37,0.71,0.36,1.08,0.34,0.49,0.49,0.65,0.87,0.28,1.92,0.28,0.83,4.33,5.96,0.13,0.4,0.59,0.09,0.04,0.88,0.48,0.83,2.52,1.08,1.53,1.26,1.34,1.34,1.34,0.33,0.92,0.28,1.6,0.56,0.44,0.39,2.03,0.68,1.56,5.49,0.34,1.24,1.12,0.72,,,,,,,,,0.21,0.25,0.34,0.45,0.61,0.07,2.35,,1.68,0.43,,,,0.09,0.36,,0.09,0.17,0.04,0.64,0.1,0.51,0.06,,,,0.1,,,,,,0.11,0.02,0.02,0.07,0.08,0.19,1.34,,,,1.34,0.06,0.07,1.34,1.34,1.34,,1.34,1.34,1.34
中山市,,,,,,,0.12,,,,0.34,0.15,0.69,1.88,,0.67,0.14,3.58,,10.07,1.03,1.03,2.26,1.87,1.03,,0.37,0.13,,,0.24,,,0.1,,,0.1,0.06,,,,,,0.05,,,0.07,0.03,,,,,,,,,,,,,,,,,0.03,,,,,0.07,0.07,,,,,,,,0.07,0.04,0.08,,,,0.1,,,0.2,,,0.12,,0.04,,0.13,,,,,0.05,,0.05,,,0.05,,,,0.04,,0.07,0.05,,,,0.14,0.46,,,0.05,0.21,0.09,,0.23,,0.11,0.09,,0.06,0.08,0.08,0.07,0.14,,0.09,0.16,,0.07,0.08,0.1,0.06,0.22,0.09,0.23,0.13,0.24,0.32,0.34,0.31,0.23,0.3,0.13,1.56,0.79,1.26,0.23,3.58,1.91,0.91,0.38,1.16,,,,,,0.12,,,,,0.04,,,,,,,0.1,0.1,0.14,0.43,,,0.14,,,0.22,1.09,,0.9,0.09,0.78,0.24,1.1,0.71,,,0.06,0.03,0.07,,,0.03,,0.02,0.06,0.2,0.02,0.71,0.25,0.87,0.49,5.93,1.77,1.17,1.82,0.93,0.71,2.54,3.29,1.56,1.19,0.57,4.01,2.57,1.78,56.57,0.7,11.23,21.42,3.91,3.36,4.87,1.07,2.15,1.86,1.41,7.71,2.22,2.35,,0.67,1.08,5.65,2.93,1.64,2.5,10.0,1.35,0.84,5.09,14.05,4.56,4.56,9.4,3.83,3.46,3.14,0.08,0.71,,0.71,0.11,1.2,0.1,5.7,0.13,0.3,1.72,0.64,0.73,0.05,0.87,0.1,3.59,0.89,0.48,0.06,0.21,0.19,,,0.09,0.15,0.19,1.01,0.21,0.22,4.92,0.71,0.71,0.71,0.1,0.23,0.02,0.37,0.41,0.1,0.04,0.21,0.14,0.37,1.49,,0.16,0.35,0.08,,,,,,,,,0.04,0.14,0.18,0.08,0.09,,0.3,,0.42,0.06,0.04,,,0.08,0.11,,,,,0.08,0.04,0.08,,,,,,,,,0.22,,,,,0.02,,0.08,0.71,,,0.08,0.71,0.19,,0.71,0.71,0.71,,0.71,0.71,0.71
潮州市,,,,,,,,,,,,0.12,2.45,1.12,,,,0.49,,0.27,,0.26,0.31,0.45,0.17,,,,,,,,,,,,,,,,,,,,,,,,,,,,,,,,,,,,,,,,,,,,0.03,0.05,,,,,,,,,,,,,0.05,,,,,,,,,,,,,,,,0.05,,,,,,,,,,,,,,,,,,,,,,,,,,,,,,,,,,,,,0.22,0.08,0.1,0.15,,0.03,0.21,0.21,0.16,0.32,0.3,3.78,0.13,1.26,0.23,,0.11,0.08,0.26,0.12,,3.68,0.27,0.35,0.44,0.24,,,,,,,,,,,,,,,,,,,,,,,,,,,,,,0.17,,,,0.2,,,0.06,,,,,,,,0.02,,,,,,0.1,,0.07,0.18,0.06,1.29,1.1,0.05,0.34,0.09,0.67,0.06,0.37,0.33,0.07,0.3,0.07,19.75,0.13,0.11,0.04,0.04,0.02,0.22,2.99,0.52,0.13,0.04,0.05,0.12,0.11,,6.27,0.06,0.3,0.03,0.27,0.04,,0.1,0.06,0.04,0.02,0.23,0.09,0.31,0.09,0.12,,,,,,0.06,,0.14,0.75,0.17,0.09,0.08,0.07,0.06,0.24,0.17,0.06,,0.16,,,,,,,0.04,,0.08,0.12,0.16,0.25,,,,,,,,0.17,,,0.05,,,0.19,,0.03,,,,,,,,,,,,,,,,,,,,,,,,,,,,,,,,,,,,,,,,,,,,,,,,,,,,,,,,,,,,,,
揭阳市,,,,,,,,,,,,0.14,1.31,1.61,,,,0.35,,0.38,0.28,0.28,0.21,0.43,0.14,,,,,,,,,,,,,,,,,,,,,,,,,,,,,,,,,,,,,,,,,,,,,,,,,,,,,,,,,,,,,,,,,,,,,,0.06,,,,,,,,,,,,,,,,,,,,,,,,,,,,,,,,,0.06,,0.03,,,,,,0.09,,,0.47,,,0.27,0.3,0.38,0.35,0.43,0.96,0.1,0.62,0.23,0.12,0.09,,0.41,0.53,,4.37,2.14,0.21,1.16,0.19,,,,,,,,,,,,,,,,,,,,,,,,,,,,,,0.16,,,,0.13,0.42,,,,,,,0.04,,,,0.06,,,0.42,0.07,0.17,,0.1,0.13,0.1,0.21,0.11,0.06,0.25,0.22,0.51,0.12,0.56,1.14,0.45,1.75,0.45,27.99,0.42,0.26,0.16,0.11,0.23,1.49,6.12,9.29,0.65,0.23,0.23,0.92,0.32,14.89,,0.24,0.09,0.15,0.7,0.1,0.07,0.04,0.1,0.14,0.09,0.37,0.4,0.31,0.07,0.23,0.04,0.42,,0.42,,0.06,0.05,0.31,,,,,,,0.1,,,0.17,0.43,,0.09,,,,,0.05,0.04,0.37,0.13,0.18,0.41,0.42,0.42,0.42,,,,,0.06,0.05,,,0.04,,0.24,,,,,,,,,,,,,,0.02,,,,,,,,,,,,,,,,,,,,,,,,,,,,,,,,,,,,,0.42,,,,0.42,,,0.42,0.42,0.42,,0.42,0.42,0.42
云浮市,,,,,,,,,,,,,,,,,,0.15,,1.16,,,,0.19,0.19,,,,,,,,,,,,,,,,,,,,,,,,,,,,,,,,,,,,,,,,,,,,,,,,,,,,,,,,,,,,,,,,,,,0.08,,,,,,,,,,,,,,,,,,,,,,,,,,,,,,,,,,,,,,,,,,,,,,,,,,,,,0.06,0.1,0.02,,,,,,,0.12,,,0.04,0.05,,,,,,,,,,,,,,,,,,,,,,,,,,,,,,,,,,,,,,,,,,,,,,,,,,,,,,0.05,,0.09,,0.09,0.08,,0.04,0.19,0.17,,0.06,0.07,1.13,0.28,0.36,0.39,0.08,1.77,2.33,0.45,1.61,8.42,0.16,0.14,0.07,0.15,4.27,0.59,0.49,0.74,0.05,0.08,,0.29,0.25,0.24,2.76,0.11,0.1,0.48,0.73,0.58,0.63,0.99,0.24,0.24,0.71,,,,,,,,0.1,,,,,,,0.17,,,0.13,,,,,,,,,,,0.05,,0.4,,,,,0.04,0.03,,,,,,,,0.54,,,,,,,,,,,,,,,,,,,,,,,,,,,,,,,,,,,,,,,,,,,,,,,,,,,,,,,,,,,,,,,,
南宁市,,,0.17,,,0.21,0.26,0.13,0.12,0.14,0.29,0.09,1.02,0.32,0.21,0.19,0.13,0.74,3.12,,0.88,0.38,0.44,0.61,1.69,,0.2,0.13,,0.19,0.54,0.17,,,,0.2,0.15,0.06,,0.16,,0.13,,,,,,0.03,,0.16,,,0.03,0.05,,0.01,,,,0.12,,0.03,0.06,,,0.07,0.13,,0.04,,0.07,,,,0.05,,0.08,0.04,0.09,0.12,,0.1,,0.17,,,0.1,0.25,,,,0.17,0.04,,0.13,,,0.12,0.05,,0.62,0.07,0.05,,0.1,,,,0.04,,0.11,,0.12,0.03,0.07,,0.29,,,0.06,0.28,,,0.14,0.06,0.07,0.08,0.05,,,,0.42,0.1,,0.04,,,0.03,,,0.06,0.59,0.15,0.32,0.09,0.6,0.31,0.15,0.19,0.14,0.36,0.12,0.17,0.28,0.12,,0.15,0.25,0.49,0.25,0.09,0.05,0.1,0.09,,,,0.14,,0.09,0.08,,,0.09,0.05,,0.08,,0.15,,0.2,0.09,,,0.21,,,,0.06,,,,0.1,0.15,,0.66,0.02,,,,,,0.08,,0.08,,,,0.02,0.66,0.32,0.26,0.16,0.67,0.56,0.25,0.31,0.16,0.17,0.21,0.61,0.39,0.4,0.11,0.5,0.12,0.34,0.16,0.14,0.44,0.44,1.52,0.81,0.28,0.18,0.07,0.06,0.15,0.32,0.17,0.52,0.29,0.22,0.17,0.67,,10.58,10.49,5.64,17.52,26.48,21.99,11.65,14.85,23.96,3.96,21.63,14.36,46.25,0.15,0.66,,0.66,0.17,0.15,0.33,0.4,0.05,0.14,,0.06,0.23,0.19,0.17,0.26,0.21,0.28,0.19,0.12,0.22,0.1,,,0.05,0.23,0.16,0.22,0.19,0.11,0.19,0.66,0.66,0.66,0.33,0.49,0.28,0.19,0.12,0.15,0.05,0.08,0.18,0.64,3.29,0.11,0.14,0.37,0.12,0.1,,,,,,,,0.06,0.06,0.07,0.03,,,0.12,,0.15,0.03,0.09,,0.05,0.04,0.07,,,,0.02,,0.03,,,,,,0.05,,,,,,0.13,,,,0.04,0.52,0.66,,,0.08,0.66,,,0.66,0.66,0.66,0.15,0.66,0.66,0.66
柳州市,,,,,,,,,,,,0.05,0.2,0.13,,,,0.61,0.9,,0.26,0.22,0.26,0.86,0.23,0.09,,,,,,,,,,,,,,,,,,,,,,,,,,,,,,,,,,,,,,,,,,,,,,,,,,,,,,,,,,,,,,,,,,,,,0.13,0.05,0.18,,,,,,,,,,0.08,,,,,,,,,,,0.05,,,0.14,,,,0.06,,,,,,,0.55,0.08,,,,,,,,,,0.04,,0.05,,0.1,,0.05,0.06,0.1,,0.14,,0.07,,0.04,0.11,0.26,0.16,,,,,,,,,,,,,,,,,0.05,,,,,,,,,,,,,,,,,,,,0.05,,0.06,,,,,,,,,,,,0.12,0.14,0.15,0.58,0.46,0.11,0.09,0.09,0.07,0.11,0.46,1.12,0.24,0.09,0.13,0.06,0.13,0.04,0.05,0.11,0.14,0.45,0.22,0.06,0.06,0.06,0.07,0.01,0.16,0.05,0.11,0.07,0.07,0.02,0.06,4.72,,9.01,1.13,1.33,1.19,0.66,2.66,1.62,1.0,1.38,10.94,35.46,0.74,0.05,,,,,0.05,0.07,0.19,0.05,,0.07,0.08,0.15,,0.12,0.07,0.18,0.21,0.19,0.4,,0.13,,,0.04,0.16,0.1,0.18,0.1,0.12,0.12,,,,0.04,,,,,,,0.04,0.04,0.06,0.52,,0.05,,,,,,,,,,,,,,,,,,,,,,,,,,,0.03,,,,,,,,,,,,,,,,,,,,,,,,,,,,,,,,,,,
桂林市,,,,,,,,,,,,0.06,0.3,0.23,,,0.26,1.81,1.68,,0.3,0.67,1.25,1.51,0.87,,,,0.14,,,,,,,,,0.05,,,,0.07,,,,,,,,,,,,,,,,0.06,,,,,,0.03,,,,,,0.1,,,,0.09,,,,,,0.04,,,0.02,,,,,,,,,,,,,,,,,,,,,,,,,0.05,0.03,,,,,,0.06,,0.12,0.05,,,0.14,,,,0.07,0.05,0.05,0.05,,0.09,,0.22,,,,,,,,,,0.21,0.03,,,0.16,0.04,,0.08,0.12,0.11,,0.2,0.12,0.12,0.09,0.2,0.17,0.31,0.3,0.05,,,,,,,0.09,,,0.08,,0.03,,,,,,,0.08,,,,,,,,,0.09,,,,,,,,0.05,,0.12,0.17,,,0.21,,0.13,,,,,,0.25,0.17,0.13,0.78,2.42,0.19,0.16,0.08,0.21,0.32,4.46,1.25,0.39,0.2,0.24,0.16,0.27,0.29,0.16,0.29,0.28,0.25,0.15,0.3,0.16,0.05,0.11,0.17,0.17,0.23,0.27,0.17,0.11,0.08,0.23,3.43,10.98,,3.48,0.88,0.8,0.61,1.22,0.98,0.98,9.19,1.65,4.74,0.66,0.03,,,,0.1,0.57,0.07,1.24,0.23,0.16,0.28,0.58,0.62,0.21,0.94,0.34,0.68,1.12,1.05,0.83,0.41,0.29,,,0.05,0.28,0.34,0.98,0.75,0.93,0.72,,,,0.07,0.13,0.06,,0.67,,0.02,,,0.19,1.44,,,,,,,,,,,,,,0.02,,,,,0.1,,,,,0.05,,,,,,,,,,,,,0.05,,,,,,,,,,,,,,,,,,,,,,,,,,,
梧州市,,,,,,,,,,,,,,,,,,0.18,3.37,,,,,0.13,0.2,,,,,,,,,,,,,,,,,,,,,,,,,,,,,,,,,,,,,,,,,,,,,,,,,,,,,,,,,,,,,,,,,,,,,,,,,,,,,,,,,,,,,,,,,,,,,,,,,,,,,,,,,,,0.14,,,,,,,,,,,,0.13,,,,,,0.05,,,,,0.09,,0.07,,,,,,,,,,,,,,,,,,,,,,,,,,,,,,,,,,,,,,,,,,,,,,,,,,,,,,,,0.07,0.1,0.11,0.06,0.06,,0.11,0.12,0.24,0.09,0.18,,0.44,0.13,0.18,0.21,,0.84,0.64,0.37,0.67,2.12,0.08,0.02,0.05,0.08,0.28,0.16,0.27,0.72,0.06,0.02,2.87,2.25,1.5,2.4,,0.76,0.6,0.49,4.69,2.75,0.73,10.18,0.73,0.98,0.51,,,,,,,,0.07,,,,,,,,,,,,,,,,,,,0.03,,,0.05,0.14,,,,,0.05,,,,,,,,0.07,0.44,,0.04,,,,,,,,,,,,,,,,,,,,,,,,,,,,,,,,,0.03,,,,,,,,,,,,,,,,,,,,,,,,,,,,,
北海市,,,,,,,,,,,,,,,,,,0.11,1.37,,0.55,,,0.09,0.11,,,,,,,,,,,,,,,,,,,,,,,,,,,,0.03,,,,,,,,,,,0.1,,,,,,,,,,,,,,,,0.05,,,,,,,0.04,,,,,0.08,,,,,,,,,,,,,,,,,,,,,,,,,,,,,,,0.04,,,,,,,0.04,,,,,,,,,,,,,,,0.05,,0.05,,,,,,0.06,,,,,,,0.07,,,,,0.06,,,,0.1,,,,0.03,,,,,,,,,,,,,,,,,,,,,,,,,,,,0.03,,,,,,,,,,0.04,0.04,0.04,0.11,,0.08,,,0.05,,0.06,,,0.07,0.1,0.03,0.06,0.05,0.03,0.07,0.08,2.38,0.37,0.03,0.03,,0.05,0.04,0.6,0.02,0.06,0.04,0.08,0.04,0.06,2.54,0.55,0.46,0.45,,4.31,8.15,0.38,2.84,0.44,0.11,0.65,0.37,0.44,0.04,,6.55,,,,,0.07,,,,,0.05,,,0.08,,,0.07,,,0.07,,,,,,0.07,,,,,,,0.04,,,0.03,,,,,,,0.22,,,,,,,,,,,,,,0.14,,,,,,,,,,,,,,,,,,,,,,,,,,,,,,,,,,,,,,,,,,,,,,,,,,
防城港市,,,,,,,,,,,,,,,,,,0.09,0.38,,0.26,,,,,,,,,,,,,,,,,,,,,,,,,,,,,,,,,,,,,,,,,,,,,,,,,,,,,,,,,,,,,,,,,0.05,0.04,,,,,,0.04,,,,0.18,,,,,,,,,,,,,,,,0.12,,,,,,,0.05,,,,,0.27,,,,,,,,,,,,,,,,,,,,,,,,,,,,,,,,,,,,,,,,,,,,,,,,,,,,,,,,,,,,,,,,,,,,,,,,,,,,0.03,,,,0.02,,0.06,,,,,,0.04,0.12,0.07,,,0.08,,,,,0.06,0.05,,0.06,,,0.04,0.02,0.05,0.46,0.1,,,0.03,0.02,,0.1,0.03,,,,0.02,0.02,2.69,0.83,0.34,0.22,3.04,,6.34,0.29,0.66,0.57,0.06,0.4,0.28,3.63,,,,,,,,0.1,,,,,,,,,,,,,,,,,,,,0.09,,,,,,,0.04,,0.06,,,,,,,0.04,0.11,,,,,,,,,,,,,,,,,,,,,,,,,0.05,,,,,,,,,,,,,,,,,,,,,,,,,,,,,0.04,,,0.07,,,,,,,
钦州市,,,,,,,,,,,,,,,,,,0.1,1.29,,0.22,,,0.13,0.17,,,,,0.09,,,,,,,,,,,,,,,,,,,,,,,,,,,,,,,,,,,,,,,0.03,,,,,,0.03,,,,,,,,,,,,,,,,,,,,,,,,,,,,,,,,,,,,,,,,,,,,,,,,,,0.11,,,,,,,,,,,,,,,,,,,,,,0.03,,0.05,,,,,,,,,,,,,,,,,,,,,,,0.07,,,,,,,,,,,,,,,,,,,,,,,,,,,,,,,,,,,0.06,,,,,0.07,0.06,0.13,0.07,0.08,,,,,0.06,,,,0.2,0.04,0.11,0.06,,0.18,0.13,0.5,0.21,0.03,0.06,,,0.04,0.2,0.06,0.37,0.24,,,0.18,7.32,0.93,0.55,0.52,16.82,23.15,,1.03,2.83,1.2,0.18,0.6,0.63,1.71,,,,,,,,,,,,,,0.09,,,,,,0.11,,,,,,,,0.09,0.12,,,,,,,,0.02,,,,,,,0.16,0.33,,,,0.04,,,,,,,,,,0.02,,,,,,,,,,,,,,,,,,,,,,,,,,,,,,,,,0.02,0.12,0.04,,,,,,,,,,,,,,,
贵港市,,,,,,,,,,,,,0.21,,,,,0.15,2.99,,,,,0.22,0.26,,,,,,,,,,,,,,,,,,,,,,,,,,,,,,,,,,,,,,,,,,,,,,,,,,,,,,,,,,,,,0.04,,,,,,,0.04,,,,,,,,,,,,,,,,,,,,,,,,,,,,,,,,,,,,,,,0.05,,,,,,,,,,,,,,,0.24,,0.07,,,,,,,,0.04,,0.08,,,,,,,,,,,,,,,0.08,,,,,,,,,,,,,,,,,,,,,,0.45,,,,,,,,,0.05,,,,,0.45,0.06,0.06,0.04,0.09,0.06,0.07,,,0.05,0.09,0.15,0.08,,0.05,0.38,0.07,0.26,0.23,0.05,0.99,0.66,0.29,0.32,0.36,0.12,0.01,0.03,0.02,0.16,0.2,0.36,1.19,0.03,0.03,0.56,6.79,3.47,1.49,7.13,1.32,1.19,1.49,,7.45,1.42,0.85,1.07,6.46,0.77,0.04,0.45,,0.45,,,,0.12,,,,,0.07,,,,,,,0.27,,,,,,0.07,,0.1,0.05,0.05,0.15,0.45,0.45,0.45,,0.06,0.03,,,,,,,0.11,0.55,,0.05,0.05,,,,,,,,,,,,,,,,,,,,,,,,,,,,,,,,,,,,,,,,,,,,,,,,0.45,,,,0.45,,,0.45,0.45,0.45,,0.45,0.45,0.45
玉林市,,,,,,,,,,,,,,,,,,0.2,5.98,,0.24,,,0.19,0.4,,,,,,,,,,,,,,,,,,,,,,,,,,,,,,,,,,,,,,,,,,,,,,,,,,,0.04,,0.04,,,,,,,,,,,,,,0.08,,,,,,,,,0.62,,,,,,,,,,,,,,,,,,,,,,,,,,,,,,,,,,,,,,,,,,,,,,0.03,,0.08,0.06,,,0.05,,,,0.08,,0.1,,,,,,,,,,,,,,,,,,,,,,,,,,,,,,,,,,,,,0.55,,,,,0.03,,0.08,,0.05,,,,,0.55,0.04,,0.07,0.14,0.17,0.1,0.05,,0.14,0.06,0.13,0.14,0.16,,0.44,0.13,0.4,0.17,0.08,0.57,0.45,4.71,5.16,0.2,0.19,0.06,0.08,0.16,0.51,0.13,0.79,0.5,0.05,0.07,0.67,5.95,1.85,1.15,4.75,8.46,1.79,4.17,8.28,,1.18,0.98,1.01,1.24,1.35,,0.55,,0.55,,,,0.09,,,,,0.05,,,,,0.12,,0.16,,0.07,,,,0.1,,,,,0.06,0.55,0.55,0.55,0.06,0.19,0.03,,,,,,0.03,0.14,0.76,0.09,0.04,,,,,,,,,,,,,,,,,,,,,,,,,,0.07,,,,,,,,,,,0.05,,,,,,,,,,0.02,0.11,0.55,,,,0.55,,,0.55,0.55,0.55,,0.55,0.55,0.55
百色市,,,,,,,,,,,,,0.19,0.08,,,,0.12,1.01,,0.37,,0.16,1.52,3.98,,,,,,,,,,,,,,,,,,,,,,,,,,,,,,,,,,,,,,,,,,,,,,,,,,,,,,,,,,,,,,,,,,,,,,,,,,,,,,,,,,,,,,,,,,,,,,,,,,,,,,,,,,,,,,,,,,,,,,0.04,,,0.12,0.03,0.06,0.13,,,,,,,,0.04,,0.23,0.09,,,,,,,,,,,,,,,,,,,,,,,,,,,,,,,,,,,,,,,,,,,,,,,,,,,0.07,,0.06,0.1,0.09,,,,,,0.13,,,,0.14,0.06,0.13,0.05,0.06,0.15,0.26,0.25,0.23,0.11,0.09,0.01,0.03,,0.34,0.04,0.16,0.16,0.05,0.02,0.13,9.01,0.99,0.8,0.7,0.9,2.1,1.51,0.64,0.98,,0.16,6.86,0.82,4.83,,,,,,0.06,0.33,0.11,,0.07,,,0.05,0.07,,0.08,,,,0.34,0.09,,0.09,,0.32,0.27,0.34,0.08,0.21,0.11,,,,,0.45,1.5,0.06,0.55,0.21,0.68,0.04,0.47,0.55,0.52,9.35,0.13,0.44,0.13,0.08,0.05,,,,,,,,,,,,,,,,,,,,0.05,,,,,,,,,,,,,,,,,,,,,,0.08,,,,,,,,,,,,,,,,,
贺州市,,,,,,,,,,,,,,,,,,0.55,1.68,,0.3,,0.18,0.33,,,,,,,,,,,,,,,,,,,,,,,,,,,,,,,,,,,,,,,,,,,,,,,,,,,,,,,,,,,,,,,,,,,,,,0.14,,,,,,,,,,,,,,,,,,,,,,,,,,,,,,,,,,,,,,,,,,,,,,,0.03,,,,,,,,,,,,0.06,,0.41,,0.04,,,,,,,,,,,,,,,,,,,,,,,,,,,,,,,,,,,,,,,,,,,0.07,,,0.04,,,,,,,,0.05,0.06,0.09,0.16,0.11,0.08,,,0.05,0.13,2.45,0.11,0.16,,0.22,0.22,0.17,0.12,,0.41,0.19,0.13,0.14,0.98,0.08,0.02,,0.04,0.12,0.59,0.15,0.35,0.03,0.07,0.36,1.03,0.99,4.91,5.39,0.18,0.15,0.17,0.36,0.49,0.1,,0.27,0.38,0.22,,,,,,0.07,,0.39,,,,,0.12,,0.12,0.04,0.07,0.15,0.13,,,0.05,,,,0.09,,0.3,0.13,0.18,0.19,,,,,,0.02,,,,,,,,,,,,,,,,,,,,,,,,,,,,,,,,,,,,,,,,,,,,,,,,,,,,,,,,,,,,,,,,,,,,,,,,
河池市,,,,,,,,,,,,,,,,,,0.1,0.74,,,0.18,0.28,0.82,0.17,,,,,,,,,,,,,,,,,,,,,,,,,,,,,,,,,,,,,,,,,,,,,,,,,,,,,,,,,,,,,,,,,,,,,,,,,,,,,,,,,,,,,,,,,,,,,,,,,,,,,,,,,,,,,,,,,,,,,,0.05,,,,0.04,,,,,,,,0.12,,,,,0.06,,,,,,,,,,,,,,,,,,,,,,,,,,,,,,,,,,,,,,,,,,,,,,,,,,,,,0.04,,0.13,,,0.08,,0.07,,,0.07,,0.07,0.06,0.13,0.04,,0.11,0.15,0.15,0.09,0.1,0.08,,0.05,0.03,0.27,0.06,0.18,0.11,,,0.07,6.14,8.34,1.44,0.34,0.65,0.67,0.38,0.52,0.58,4.98,0.2,,2.67,0.55,,,,,,0.11,,0.16,,,0.14,0.14,0.08,0.06,0.2,,0.09,0.21,0.19,0.27,0.35,0.06,,,0.05,0.2,,0.19,0.08,0.05,0.07,,,,,0.05,0.04,0.04,,,,0.04,,,0.32,,,,,,,,,,,,,,,,,,,,,,,,,,,,,,,,,,,,,,,,,,,,,,,,,,,,,,,,,,,,,,,,
来宾市,,,,,,,,,,,,,,,,,,0.11,0.57,,,,,0.1,0.18,,,,,,,,,,,,,,,,,,,,,,,,,,,,,,,,,,,,,,,,,,,,0.04,,,,,,,,0.03,,,,,,,0.08,0.05,,,,,,,,,,,,,,,,,,,,,,,,,,,,,,,,,,,,,0.06,,,,,,,,,,,,,,,,,,,,0.1,,,,,,,,,,,0.06,,0.07,,,,,0.12,,,,,,,,,,,,,,,,,,,,,,,,,,,,,,,,,,,,,,,,,,,,,,,,,,,,0.04,0.06,0.08,0.07,,,,0.08,,0.06,0.07,0.06,,0.05,0.04,0.07,0.04,,0.12,0.15,0.19,0.1,0.07,0.05,,,,0.06,0.03,0.09,0.11,,0.02,0.1,4.03,21.96,3.64,0.99,0.6,0.49,0.49,3.1,0.63,0.61,0.43,2.02,,0.38,,,,,,,,,,,,,,,,,,,,1.26,,,,0.04,,0.05,,,,,,,,,,0.03,,,0.07,,0.03,,,0.08,0.34,,,,,,,,,,,,,,,,,,,,,,,,,,,,,,,,,,,,,,,,,,,,,,,,,,,,,,,,,,,,,,,,
崇左市,,,,,,,,,,,,,,,,,,,0.4,,,,,,0.16,,,,,,,,,,,,,,,,,,,,,,,,,,,,,,,,,,,,,,,,,,,,,,,,,,,,,,,,,,,,,,,,,,,,,,,,,,,,,,,,,,,,,,,,,,,,,,,,,,,,,,,,,,,,,,,,,,,,,,,,,,,,,,,,,,,,,,0.09,,,,,,,,,,,,,,,,,,,,,,,,,,,,,,,,,,,,,,,,,,,,,,,,,,,,,,0.1,,,,,,0.04,,,,,,0.06,,0.06,,,0.03,0.11,0.22,0.06,0.02,,,0.03,,0.04,0.02,0.07,0.04,,,0.05,9.47,0.43,0.61,0.58,1.16,9.14,1.6,0.3,0.68,3.14,0.17,0.62,0.48,,,,,,,,,,,,,,,,,,,,,,,,,,,,,,,,,,,,,,,,,,,,,0.11,0.45,,,,,,,,,,,,,,,,,,,,,,,,,,,,,,,,,,,,,,,,,,,,,,,,,,,,,,,,,,,,,,,,
海口市,,,,,,0.15,0.17,0.13,,,0.18,0.08,0.37,0.19,,,0.14,0.3,1.63,0.3,,0.19,0.35,,0.13,,,0.13,,0.1,,,,,,,,,,0.09,,,0.06,,0.04,,,,,,,,,,,,,,,0.09,,,0.09,,,0.07,,,0.09,0.07,,0.05,,0.14,,,,,,0.07,0.07,,,,0.05,0.08,,0.2,0.16,,,,,,0.13,0.05,,0.12,,,,,,,,,,,,,0.11,,,,,,0.21,,,,0.1,,0.06,0.16,0.07,0.1,0.06,0.04,,0.03,,,0.1,0.15,,,,,0.05,0.06,0.06,0.15,0.04,0.12,,0.27,0.04,,0.15,0.14,0.22,0.08,0.1,0.22,,,0.05,0.13,0.21,0.1,0.12,,,,,,,,,,,,0.06,,,,,,0.08,,,,,,,,,,,,,,,,,,,,,,,0.19,0.04,,0.1,0.05,,,,,0.14,0.1,0.07,0.18,0.19,0.19,0.37,0.09,0.11,0.05,0.2,0.09,0.09,,0.13,0.06,0.13,0.05,0.17,0.06,0.08,2.73,0.34,0.03,,0.14,0.19,0.04,0.29,0.04,0.06,,0.08,0.17,0.04,0.29,0.07,0.23,0.03,0.2,0.1,0.06,0.07,0.33,0.09,0.05,0.08,0.06,0.15,,,16.39,,0.05,0.07,,,0.07,0.12,0.07,0.07,,,0.09,0.06,,0.23,0.15,0.05,1.64,0.06,,,,,0.04,,,,0.08,,,,0.06,0.03,0.07,0.03,,,0.03,,0.02,0.04,0.06,,,0.05,,,,,,,,,,,0.08,0.07,,,,,,,,0.07,0.02,0.1,0.05,,,0.06,0.05,,,0.04,0.06,,,0.02,,,,,,,,0.06,,,0.07,,0.08,,,,0.04,,,0.07,,,,,,,
三亚市,0.15,0.09,,,,0.16,0.12,0.25,0.1,,,,0.26,0.07,,,,0.1,0.52,0.12,,,,,,,,,,,0.2,,,,,,,,0.11,,,,0.08,,0.06,,,,,,,,,0.11,,,,,,0.09,,,,0.07,,0.06,,0.03,,,0.07,0.08,,0.14,,,,,,0.07,0.1,,,,,,,0.05,0.3,0.07,0.25,0.08,,0.12,,,,0.09,0.11,,,,,,,,,,,,,,,,,,,,,,,,,,,0.05,,,,,,,0.1,0.07,,,,,,,,0.17,,,0.05,0.15,0.03,,0.05,0.09,0.15,,,,,,,,0.15,,,,,,,,,,,,0.12,,,,,,,,,,,,,,,,,0.08,,,,,,,,,,,,,,,,,,,,,0.02,,0.04,,,,0.07,0.06,0.11,,0.05,0.1,0.05,,,,0.08,,,,0.13,0.02,,0.5,0.18,,,0.05,0.11,0.04,0.08,,,,0.1,0.08,0.04,0.07,,0.08,0.04,0.19,0.1,0.08,,0.11,0.03,0.05,0.05,0.03,0.04,6.68,,36.06,,0.07,,0.02,,,,,,,,,,,0.09,0.16,,,,,,,,,,,,0.07,,,,,,,,,,,,,,,,,,,,,,,,,,,,,,,,,,,,,,,,0.04,,,,,,,,,,,,,,,,,,,0.05,,,,,0.19,,,,,,,,,,,,,,
三沙市,,,,,,,,,,,,,,,,,,,,,,,,,,,,,,,,,,,,,,,,,,,,,,,,,,,,,,,,,,,,,,,,,,,,,,,,,,,,,,,,,,,,,,,,,,,,,,,,,,,,,,,,,,,,,,,,,,,,,,,,,,,,,,,,,,,,,,,,,,,,,,,,,,,,,,,,,,,,,,,,,,,,,,,,,,,,,,,,,,,,,,,,,,,,,,,,,,,,,,,,,,,,,,,,,,,,,,,,,,,,,,,,,,,,,,,,,,,,,,,,,,,,,,,,,,,,,,,,,,,,0.04,,,,,,,,,,,,,,,,,,,,,,,,,,,,,,,,,,,,,,,,,,,,,,,,,,,,,,,,,,,,,,,,,,,,,,,,,,,,,,,,,,,,,,,,,,,,,,,,,,,,,,,,,,,,
省直辖县级行政区划,,,,,,,,,,,,,,,,,,,,,,,,,,,,,,,,,,,,,,,,,,,,,,,,,,,,,,,,,,,,,,,,,,,,,,,,,,,,,,,,,,,,,,,,,,,,,,,,,,,,,,,,,,,,,,,,,,,,,,,,,,,,,,,,,,,,,,,,,,,,,,,,,,,,,,,,,,,,,,,,,,,,,,,,,,,,,,,,,,,,,,,,,,,,,,,,,,,,,,,,,,,,,,,,,,,,,,,,,,,,,,,,,,,,,,,,,,,,,,,,,,,,,,,,,,,,,,,,,,,,,,,,,,,,,,,,,,,,,,,,,,,,,,,,,,,,,,,,,,,,,,,,,,,,,,,,,,,,,,,,,,,,,,,,,,,,,,,,,,,,,,,,,,,,,,,,,,,,,,,,,,,,,,,,
成都市,0.56,0.47,0.63,0.55,0.42,0.62,0.4,0.66,0.42,0.44,0.7,0.19,0.96,0.37,0.58,0.49,0.41,0.36,1.0,0.27,2.41,5.07,,0.72,2.1,5.75,2.06,2.04,1.76,0.64,3.69,0.46,0.18,0.24,0.52,0.61,0.39,0.25,0.21,0.6,0.14,0.37,0.22,0.13,0.14,0.12,,0.22,0.22,0.46,0.22,0.27,0.08,0.31,0.17,0.1,0.21,0.3,0.05,0.48,0.14,0.09,0.06,0.21,0.03,0.17,0.35,0.17,0.24,0.07,0.3,0.13,0.06,,0.09,0.04,0.06,0.17,0.34,0.18,0.11,0.14,0.08,0.21,0.1,0.08,,0.45,0.45,0.14,0.32,0.26,0.38,0.43,0.33,0.2,0.72,0.25,0.34,0.23,0.31,0.23,0.19,0.24,0.13,0.15,0.24,0.11,0.1,0.11,0.23,0.23,0.23,0.08,0.19,0.2,0.55,0.16,0.14,0.15,0.35,0.13,0.06,0.55,0.23,0.27,0.12,0.09,0.04,0.08,0.07,0.04,0.28,0.07,0.1,0.09,0.09,0.08,0.08,0.13,0.18,0.58,0.16,0.47,0.19,0.47,0.1,0.11,0.31,0.32,0.6,0.12,0.14,0.23,0.07,0.4,0.3,0.2,0.24,0.36,0.12,0.19,0.23,0.16,0.16,0.11,0.19,0.31,0.28,0.06,0.4,0.03,,0.24,0.19,0.25,0.09,0.26,0.42,0.16,0.37,0.21,0.2,0.31,0.3,0.36,0.28,0.24,0.18,0.62,0.31,0.16,0.22,0.16,0.33,1.32,0.2,0.06,0.06,0.1,0.03,0.09,0.04,,0.05,,0.19,,0.11,1.32,0.27,0.13,0.13,0.14,0.24,0.24,0.21,0.13,0.07,0.08,0.08,0.2,0.22,0.08,0.16,0.05,0.31,0.08,0.09,0.1,0.04,0.18,0.05,0.06,0.11,0.07,0.09,0.06,0.09,0.04,0.16,0.07,0.2,0.06,0.01,0.19,0.22,0.41,0.09,0.54,0.36,0.05,0.02,0.06,0.06,0.07,0.11,0.09,0.06,0.21,1.32,,1.32,,20.16,14.37,8.19,58.16,31.69,22.31,35.12,29.79,34.23,24.12,54.69,14.96,8.16,11.85,47.79,19.2,48.38,68.69,26.43,18.06,0.57,0.19,0.68,0.21,0.29,0.25,1.32,1.32,1.32,0.55,0.22,0.16,0.54,1.7,1.13,0.54,0.27,0.41,0.33,0.19,1.55,0.57,1.1,0.08,0.43,0.69,,,,,1.49,,0.52,0.46,0.85,0.25,0.53,0.19,2.63,0.14,0.84,0.32,0.64,0.08,0.45,0.37,0.84,0.77,0.68,0.49,0.24,0.59,0.52,2.61,0.31,0.9,0.49,,0.05,,0.04,,0.22,0.4,0.24,0.22,0.1,0.36,0.18,1.19,1.32,,,0.29,1.32,1.98,1.29,1.32,1.32,1.32,1.68,1.32,1.32,1.32
自贡市,,,,,,,,,,,,,,,,,,,,,,0.4,,,0.23,0.18,,,,,,,,,,,,,,,,,,,,,,,,,,,,,,,,,,,,,,,,,,,,,,,,,,,,,,,,,,,,,,,,,,,,,,,,,,,,,,,,,,,,,,,,,,,,,,,,,0.04,,,,,,,,,,,,,,,,,,,,,,,,,,,,,,,,,,,,,,,,,,,,,,,,,,,,,,,,,,,,,,,,,,,,,,,,,,,,,,,,,,,,,,,,,,,,,,,,,,,,,,,,,,,,0.03,,,,,,,,,,,,,,,,,,,,,,0.04,,,,,,,,,,,2.06,,0.15,3.76,0.37,0.22,0.38,0.32,11.93,5.23,0.22,0.72,7.98,0.12,0.12,0.4,0.09,0.39,0.04,0.67,0.27,,,0.11,,0.04,,,,,0.09,,0.05,,0.17,0.1,0.07,,0.06,,,,0.04,,,0.16,0.03,,,,,,,,,,,,,,,,,,,,,,0.05,,,,,,,,,,,,,,,,,,,,,,,,,,,,,,,,,,,,
攀枝花市,,,,,,,,,,,,,,,,,,,,,,,,,1.17,,,,,,,,,,,,,,,,,,,,,,,,,,,,,,,,,,,,,,,,,,,,,,,,,,,,,,,,,,,,,,,,,,,,,,,,,,0.05,,,,,,,,,,,,,,,,,,,,,,,,,,,,,,,,,,,,,,,,,,,,,,,,,,,,,,,,,,,,,,,,,,,,,,,,,,,,,,,,,,,,,,,,,,,,,,,,,,,,,,,,,,,,,,,,,,,,,,,,,,,,,,,,,,,,,,,,,,,,,,,,,,,,,,,,,0.01,,,,,,,,,,,,0.51,0.16,,0.23,0.16,0.11,0.09,0.33,0.26,0.42,0.21,0.17,0.06,0.1,,0.5,,0.12,0.13,0.19,14.36,,,,,,,,,,0.26,0.04,0.09,0.13,0.07,5.88,,,2.16,0.04,,,0.09,0.15,,0.16,,,,,,,,,,,,,,,0.07,,,,,,,,,,,,,,,,,,,,,,,,,,,,,,,,,,,,,0.07,,,,,,,
泸州市,,,,,,,,,,,,,,,,,,,0.29,0.05,,2.81,,3.12,1.04,0.54,,,,,,,,,,,,,,,,,,,,,,,,,,,,,,,,,,,,,,,0.03,,,,,,,,,,0.03,0.07,,,,,,,,,,,,,,,,,,,,,,,,0.05,,,,,,,,,,,,,,,,,,,,,,0.06,,,,,,,,,,,,,,,,,,,,,0.09,,,0.08,,,,,,,,,,,,,,,,,,,,,,,,,0.1,,0.03,,0.05,,,,,,,,,,,,,,,,,,,,,0.43,,,,,,,,,,,,,,0.43,,,,,,,,,,,,,,,,,,0.02,0.14,0.05,0.05,0.03,,0.01,,,0.02,,,,,0.15,0.04,0.04,0.06,,0.06,0.1,0.01,,,0.02,,,,,0.03,,,,0.43,,0.43,2.12,7.06,0.36,,0.36,0.39,0.25,0.49,3.39,1.01,0.38,0.49,10.88,0.34,0.32,0.34,0.16,0.46,0.13,0.14,0.33,0.28,0.16,7.43,0.07,1.7,0.07,0.43,0.43,0.43,0.14,0.1,0.1,0.03,1.54,0.13,0.04,0.06,0.06,0.06,0.12,0.2,0.04,0.15,0.04,0.05,0.19,,,,,,,,,,,,0.03,,,,0.04,,0.02,,,,,,,,,,0.06,,,,,,,,,,0.06,,,,,,0.08,0.43,,,,0.43,,,0.43,0.43,0.43,,0.43,0.43,0.43
德阳市,,,,,,,,,,,,,,,,,,,,,0.26,0.38,,,0.13,1.0,0.25,0.13,0.22,0.16,,,,,,,,,,,,,,,,,,,0.04,,,,,,,,,,0.03,,0.03,,,,0.03,,,,,,,,,,,0.02,,,,,,,,,,,,,,,,,,0.12,,,,,,,,,,,,,,,,,,,,,,,,,,,,,,,,,,,,,,,,,,,,,,,,0.15,,,,,,,,,,,,,,,,,,,,,,0.06,,,,,,,,,,,,,,,,,,,,0.08,,,,,,,,,,,,0.38,,,,,,,,,,,,,,0.38,,,,,,,,,,,,,,,,,,,,,,,,,,,,,,,,,,,,,,,0.01,,,,,,,0.04,,,,,0.38,,0.38,13.97,0.73,0.9,0.32,,13.21,1.68,2.59,0.85,1.38,0.84,1.02,0.52,0.32,0.33,1.79,0.48,1.52,1.84,0.47,0.59,0.07,,,,,,0.38,0.38,0.38,0.04,,,0.02,0.06,0.05,0.04,0.05,0.06,,0.05,0.18,0.03,0.05,,,0.34,,,,,,,,0.04,0.09,0.07,0.07,,0.3,,,,0.05,0.02,,,,0.03,,,0.04,,0.04,0.17,,0.1,0.02,,,,,,,0.23,0.06,,0.08,0.02,0.04,,0.38,,,,0.38,,0.07,0.38,0.38,0.38,,0.38,0.38,0.38
绵阳市,,,,0.16,,,,,,,,,,,,,,,,,0.38,0.5,,,0.16,0.73,0.4,0.37,0.36,,0.18,,,,,,,,,,,,,,0.04,,,,0.06,0.14,0.05,0.15,0.04,0.05,,,,0.04,,,0.03,,,,,,,,,,,,,,0.03,,,,,,,,,,,,,,,,,,,0.1,,,,,0.05,,,,0.05,,,,,,,,,,,,,,,,,,,0.05,,,,,,,,,,,,,,,,,,,,0.15,,,,,,,,,,,,,0.07,,,,,,,,,,,,,,,,0.12,,0.03,,,,,,,,0.12,,,,,,,,,,,,,,,0.42,,,,,,,,0.03,,,,,,0.42,,,,,,,,,,,,,,,,,0.05,,,,,,,0.02,,,,,,0.02,,0.01,,,0.02,,0.04,,,0.11,,,,,,,,,,0.03,0.42,,0.42,5.98,0.39,0.46,0.31,14.65,,12.65,8.99,0.63,1.37,3.65,0.97,0.43,0.73,0.53,1.39,1.09,0.84,6.16,0.76,0.71,0.04,,,,,,0.42,0.42,0.42,0.06,,0.05,0.03,0.09,0.03,0.05,,0.08,,,,0.06,,,0.1,0.27,,,,,,,0.09,0.1,0.09,0.09,0.07,,0.48,0.06,0.14,0.11,0.08,,0.05,0.05,0.1,0.05,,0.05,0.06,0.08,0.11,0.81,0.07,,0.03,,,,0.04,0.32,,0.4,,,,0.07,,,0.42,,,,0.42,0.06,0.07,0.42,0.42,0.42,,0.42,0.42,0.42
广元市,,,,,,,,,,,,,,,,,,,,,,0.24,,,,,0.97,1.09,0.14,,0.42,,,,,,,,,,,,0.03,,,,,,0.05,,,,,,,0.01,,,,,,,,,0.13,,,,,,,,,,,,,,,,,,,,,,,,,,,,,,,,,,,,,,,,,,,,,,,,,,,,,0.06,,,,,,,,,,,,,,,,,,,,,,,,,,,,,,,,,,,,,,,,,,,,,,,,,,,,,,,,,,,,,,,,,,,,,,,,,,,,,,,,,0.06,,,,,,,,,,,,,,,,,,,,,,,,,,,,,,,,,,,,,,,,,,,,,,,,,,,,,,,,,,,,,,,,,2.23,0.23,0.07,0.14,0.85,6.57,,0.39,0.15,0.37,4.2,0.29,0.12,0.26,0.16,0.37,5.92,0.21,0.32,0.19,0.63,,,,,,,,,,,,,,,0.03,,,,,,,,,0.04,,,,,,,,,0.08,,0.27,0.04,0.05,0.02,3.11,0.06,0.12,0.11,0.12,,,,0.09,,,,0.06,,0.04,4.43,,0.15,0.04,,,,,,,0.06,,,,0.04,,0.16,,,,0.08,,,0.07,,,,,,,
遂宁市,,,,,,,,,,,,,,,,,,,,,,1.0,,,0.12,0.63,,,,,0.15,,,,,,,,,,,,,,,,,,,,,,,,,,,,,,,,,,,,,,,,,,,,,,,,,,,,,,,,,,,,,,,,,,,,0.05,,,,,,,,,,,,,,,,,,,,,,,,,,,,,,,,,,,,,,,,,,,,,,,,,,,,,,,,,,,,,,,,,,,,,,,,,,,,,,,,,,,,,,,,,,,,,,,,,,,,0.06,,,,,,,,0.06,,0.02,,,,0.04,,,,,,,,,,,,,,,,,,,,,,,,,,,,,,,,,,,,,,,,,,,,,,,,,,,2.38,0.37,0.18,0.19,1.39,3.91,0.55,,0.59,0.36,2.18,0.39,0.25,0.98,0.29,0.36,0.36,2.88,0.41,0.19,0.23,,,,0.04,,,,,,0.03,,0.06,,0.07,0.03,0.05,0.04,0.05,,,,0.03,,,0.1,0.11,,,,,,,,0.06,0.06,,,,,,,,0.04,,,0.04,,,,0.05,,,,,,0.05,,,,,,,,,,,,,,,,,,,,0.19,0.14,,,,0.07,,,
内江市,,,,,,,,,,,,,,,,,,,,,,1.35,,0.09,0.3,0.27,,,0.2,,,,,,,,,,,,,,,,,,,,,,,,,,,,,,,,,,,,,,,,,,,,,,0.03,0.12,,,,,,,,,,,,,,,,,,,,,0.09,,,,,,,,,,,,,,,,,,,,,,,,,,,0.13,,,,,,,,,,,,,,,,,,,,,,,,,0.05,,,,,,,,,,,,,,,,,,,,,,,,,,,,,,,,,,,,,,,,,0.12,,,,,,0.37,,,0.06,,,,,,,,,,,0.37,,,,,,,,,,,,,,,,,,,,0.02,,,,,,,0.02,,0.02,,,,0.03,,,,0.05,,0.01,,,,0.01,,,,,,,,0.37,,0.37,4.01,16.39,0.56,2.37,0.63,0.5,0.19,0.73,,1.24,0.25,3.23,1.31,0.15,0.17,0.41,0.14,9.25,0.36,0.28,0.52,0.06,,0.1,0.05,,,0.37,0.37,0.37,0.1,0.04,0.04,0.02,0.26,0.2,0.07,0.05,,,,0.13,0.05,,,0.05,0.11,,,,,,,,0.04,,,,,,,,,,,,,,,,,,,,0.06,,,0.07,,,,,,,,,,,,,,0.37,,,,0.37,,,0.37,0.37,0.37,,0.37,0.37,0.37
乐山市,,,,,,,,,,,,,,,,,,,,,,0.37,,,0.3,0.27,,,0.15,,,,,,,,,,,,,,,,,,,,0.08,,,,,,,,,,,,,,,,,,,,,,,,,,,,,,,,,,,,,,,,,,0.06,,,,,,,,,,,,,,,,,,,,,,,,,,,,,,,,,,,,,,,,,,,,,,,,,,,,,,,,,,,,,,,,,,,,,,,,,,,,,,,,,,,,,,,,,,,,,,,,,,,,,,,,,,,,,,,,0.04,,,,,,,,,,,,,,,,,,,,,,,,,,,,,,,,,,,,,,,,,,,,,,,,,,,,,0.03,,,,,,,,3.99,4.8,0.72,0.4,0.87,0.63,0.23,0.37,0.87,,0.22,12.6,2.99,0.18,0.17,4.46,0.16,0.68,0.46,1.53,3.7,0.05,,0.09,0.05,0.04,,,,,,0.04,0.06,0.08,0.35,0.15,0.03,0.06,0.07,0.07,,0.06,,,,,0.03,,,,,,,,0.04,,0.05,,0.05,,0.12,,,,0.02,,,,,,,,,,0.11,,,0.03,,,0.06,,,,0.03,,0.05,,,,,,,,,,,,,,,,,,
南充市,,,,,,,,,,,,,,,,,,,0.36,,,1.1,,0.09,0.17,1.0,0.24,0.2,0.17,,0.42,,,,,,,,,,,,,,0.06,,,,,,0.03,,,0.03,,,,,,,,,,0.03,0.03,,,,,,,,,,,,,,,,,,,,,,,,,,,,,,,,,,,,,,,,,,,,,,,,,,,0.11,,,,,,,,,,,,,,,,,,,,,,,,,,0.1,,,,,,0.05,,,,0.04,,,,,,,,,,,,,,,,,,,,,,,,,,,,,,,,,,,,,,,,,,,,0.59,,,,,,,,,0.02,,,,0.02,0.59,,,,,,,,,,,,0.06,,,0.06,,0.11,0.04,0.03,0.03,0.04,,,0.06,0.08,,,0.04,,,0.05,0.03,0.07,,0.0,,,,,0.06,,,,,,0.07,,,0.02,,0.59,,0.59,4.89,0.53,0.56,0.35,0.98,4.34,9.69,4.98,0.56,0.62,,0.74,0.37,7.54,2.12,0.45,6.93,0.78,0.87,1.96,0.48,0.07,,,0.05,0.04,,0.59,0.59,0.59,0.09,0.05,,,0.07,0.05,,,0.02,,,0.13,0.03,0.05,,,0.19,,,,,1.49,,0.06,0.04,0.1,0.05,,,0.25,,0.12,,0.09,0.02,0.05,,0.08,,,0.06,,,,0.3,0.05,,0.03,,,,,,,0.03,,,0.07,,,0.22,0.59,,,0.08,0.59,0.33,0.21,0.59,0.59,0.59,0.07,0.59,0.59,0.59
眉山市,,,,,,,,,,,,,,,,,,,,,,0.35,,,,1.0,,,,,,,,,,,,,,,,,,,,,,,,,,,,,,,,,,,,,,,,,,,,,,,,,,,,,,,,,,,,,,,,,0.25,,,,,,,,,,,,,,,,,,,,,,,,,,,,,,,,,,,,,,,,,,,,,,,,,,,,,,,,,,,,,,,,,,,,,,,,,,,,,,,,,,,,,,,,,,,,,,,,,,,,,,,,,,,,,,,,,0.03,,,,,,,,,,,,,,,,,,,,,,,,,,,,,,,,,,,,,,,,,,,,,,0.08,,,,,,,,0.02,,,,,,11.34,1.09,0.46,0.34,1.02,0.8,0.51,0.84,3.28,17.64,0.42,,0.79,0.25,0.25,6.12,0.33,1.25,0.5,0.71,1.05,0.06,,0.08,,,,,,,,,,0.04,0.06,0.03,0.07,,0.02,,,0.06,,,,0.1,0.19,,,,,,,,0.02,,,,,0.12,0.08,,,,0.05,,,,,,,,,,0.11,,,,,,,,0.32,,,,,,,,,,,,,,,0.07,,,,,,,
宜宾市,,,,,,,,,,,0.2,,,,,,,,0.23,,,0.79,,0.18,5.02,,,,,,0.18,,,,,,,,,,,,,,0.08,,,,,,,,,,,,,,,,,,,,,,,,,,,,,,,0.17,,,,,,,,,,,,,,,,,,,,,,,,,,,,,0.06,,,,,,,,,,,0.12,,0.17,,0.06,,0.1,,,,,,,,,,,,,,,,,,,,,,,,,,,,,,,,,,,,,,,,,,,,,,,,,,,,,,,,,,,,,,,,,,,,,,,,,,0.41,,0.06,,,,,,,0.02,,0.06,0.2,,0.41,,,,,,,,,,,,,,,,,,,,0.04,0.04,,0.01,0.01,,,,0.01,,,,0.13,,,,,0.04,,,0.11,,,,,0.02,,,,,,0.41,,0.41,2.89,12.47,0.28,9.23,0.53,0.44,0.36,0.6,2.04,5.59,0.28,0.74,,0.25,0.18,0.63,0.21,0.89,0.32,0.76,1.68,0.1,0.1,0.16,,0.13,,0.41,0.41,0.41,0.14,0.1,0.04,0.05,9.77,0.17,0.05,0.09,0.04,0.05,0.05,0.27,0.07,0.07,,,,,,,,,,,,,,,,0.12,,,,,0.02,,,,,,,,,0.03,,0.02,,,,,,,,,,0.03,,,,0.04,0.16,0.41,,,,0.41,,0.07,0.41,0.41,0.41,,0.41,0.41,0.41
广安市,,,,,,,,,,,,,,,,,,,0.22,,,3.89,,0.13,0.15,0.18,,,,,,,,,,,,,,,,,,,0.04,,,,,,,,,,,,,,,,,,,,,,,,,,,,,,,,,,,,,,,,,,,,,,,,,,,,,,,,,,,,,,,,,,,,,,,,,,0.04,,,,0.04,,,,,,,,,,,,,,,,,,,0.13,,,0.04,,,0.05,0.06,,,,,,,,,,,,,,,,,,,,,,,,,,,,,,,,,,,,,,,,,,,,,,,0.39,,,,,,,,,,,,,0.02,0.39,,,,,,,,,,,,,,,,,0.06,,,,0.04,,,,0.05,0.02,0.03,,,,0.05,,,,,,,,,,0.08,,,,0.02,,,,,,0.39,,0.39,1.32,0.17,0.2,0.2,0.29,0.54,0.25,1.67,0.21,0.4,4.43,0.17,0.21,,3.79,0.19,0.39,0.25,,0.28,0.21,0.11,0.05,0.11,0.04,,,0.39,0.39,0.39,0.07,0.03,0.02,,0.06,,,0.04,0.05,,,,0.06,0.05,,,,,,,,1.49,,,,0.08,,,,,,,,,,,,,,,,,,,,,,0.03,,,,,,,,,,,,,,0.39,,,,0.39,0.19,,0.39,0.39,0.39,0.07,0.39,0.39,0.39
达州市,,,,0.22,,,,,,,,,0.34,,,,,,0.32,,,2.56,,0.11,0.11,0.18,0.92,,,,,,,,,,,,,,,0.09,,,,0.09,0.18,0.03,0.06,0.23,,0.23,0.05,0.05,0.03,0.03,,,0.04,,0.03,,,,,,,,,,,,,,,,,,,,,,,,,,,,,,,,,,,,,,,,,,,,,,,,,,,,,,,,,,,,,,,,0.04,,,,,,,,,,,,,,,,,0.53,,,,,,0.08,,0.09,,,,,0.07,,,,,0.07,,,,,,,,,,,0.08,,,,,,,,0.08,,,,,0.09,,,,,,,,,,,,0.52,,,0.25,,0.07,,0.04,,,,,,0.02,0.52,,,,,,,,,,0.04,,,,,0.04,,0.09,,0.02,0.02,0.02,,0.01,0.01,0.04,,0.05,,,,0.09,0.04,0.04,,,,,0.08,,,,,0.01,,,,,,0.05,,0.52,,0.52,1.95,0.28,0.43,0.25,0.27,0.48,0.36,0.37,0.21,0.48,1.93,0.28,0.2,5.09,,0.22,9.97,0.26,0.18,0.23,0.25,,,0.12,0.07,0.04,0.08,0.52,0.52,0.52,0.03,0.03,,,0.07,0.05,,,0.04,,,0.06,,,,,0.07,,,,,,,0.13,0.48,0.1,0.06,0.19,0.22,1.08,0.23,1.17,0.05,0.04,0.02,,,,,,,,0.08,,,,,,,,,,,,,,0.05,,0.04,,,0.52,,,,0.52,0.13,,0.52,0.52,0.52,0.07,0.52,0.52,0.52
雅安市,,,,,,,,,,,,,,,,,,,,0.11,0.24,,,,0.14,0.36,,,,,0.94,,0.12,,,,,,,0.1,,,,,,,,0.02,,,,,,,,,,,,,,,,0.07,,,,,,,,,,,,0.02,,,,,,,,,,,,,,,,,,,,,,,,,,,,,,,,,,,,,,,,,,,,,,,,,,,,,,,,,,,,,,,,,,,,,,,,,,,,,,,,,,,,,,,,,,,,,,,,,,,,,,,0.09,,,,,,,,,,,,,,,,,,,,,,,,,0.03,,,,,,,,,0.04,,,,,,,,,,,,,,,,,,,,,,,,,,,,,,,,,,0.11,0.22,,,,0.04,0.06,0.03,0.14,,0.06,0.08,,,,,,3.8,0.24,2.08,0.11,0.44,0.46,0.21,0.24,0.28,2.2,0.12,2.28,0.17,0.08,,,,0.34,0.59,16.84,5.31,,,,,,,,,,,,,0.03,,0.22,,0.04,0.29,,,,0.06,0.05,,,,,,,,,,,,,,,,,0.05,,,,,,,,,0.06,,0.06,,,,0.02,,,,,,,,,0.03,,,,,,,,,,0.25,,0.06,0.57,,,,,,,
巴中市,,,,,,,,,,,,,,,,,,,,,,0.34,,,,0.45,0.78,,,,,,,,,,,,,,,,,,,,,,,,,,,,,,,,,,,,,,,,,0.05,,,,,,,,,,,,,,,,,,,,,,,,,,,,,,,,,,,,,0.06,,,,,,,,,,,,,,,,,,,,,,,,,,,,,,,,,,,,,,,,,,,,,,,,,,,0.1,,,,,,,,,,,,,,,,,,,,,,,,,,,,,,,,,,,,,,,,,,,,,,,,,,,,,,,,,,,,,,,,,,,,,,,,,0.04,,,,,,,,,,,,,,,,,,,,,,,,,,,,,,,0.04,,,,2.29,0.16,0.15,0.13,0.33,0.73,7.53,0.27,0.13,0.44,3.95,0.18,0.14,0.24,5.29,0.18,,0.17,,,0.07,,,,,,,,,,,,,,0.06,,,,,,,0.11,,,,,,,,,,,,0.14,0.14,0.15,0.05,0.06,0.03,2.17,,0.11,,,,,,0.06,,,,,,,0.15,,,,,,,,,,0.03,,,,,,,,,,,,0.06,0.07,,,,,,,
资阳市,,,,,,,,,,,,,,,,,,,,,,1.22,,,,,,,,,,,,,,,,,,,,,,,,,,,,,,,,,,,,,,,,,,,,,,,,,,,,,,,,,,,,,,,,,,,,,,,,,,,,,,,,,,,,,,,,,,,,,,,,,,,,,0.06,,,,,,,,,,,,,,,,,,,,,,,,,,,,,,,,,,,,,,,,,,,,,,,,,,,,,,,,,,,,,,,,,,,,,,,,,,,,,,,,,,,,,0.1,,,,,,,,,,,,,,,,,,,,,,,,,,,,,,,,,,,,,,,,,,,,,,,,,,,,,,,,6.25,0.46,0.38,0.27,1.11,0.5,0.27,3.73,7.75,0.79,0.3,1.2,0.4,0.22,0.1,0.48,0.12,,0.46,0.28,0.28,0.06,0.05,0.08,,,,,,,,0.03,,,0.08,0.05,0.02,0.05,,,,0.09,,,,,,,,,,,,,0.04,,,,0.02,,,,,,,,,,,,0.08,,,,,,,0.03,,,,,,,,,,,,,,,,,,,,,,,,,,,
阿坝藏族羌族自治州,,,,,,,,,,,,,,,,,,,,,,,,,,0.27,,0.49,0.22,,,,,,,,,,,,,,,,,,,,,,,,,,,,,,,,,,,,,,,,,,,,,,,,,,,,,,,,,,,,,,,,,,,,,,,,,,,,,,,,,,,,,,,,,,,,,,,,,,,,,,,,,,,,,,,,,,,,,,,,,,,,,,,,,,,,,,,,,,,,,,,,,,,,,,,,,,,,,,,,,,,,,,,,,,,,,,,,,,,,,,,,,,,,,,,,,,,,,,,,,,,,,,,,,,,,,,,,,,,,,,,,,,,,,,,,,,,1.81,,0.18,,0.21,0.52,,0.32,,0.3,0.11,0.15,,,,0.19,,0.17,,3.5,0.07,,,,,,,,,,,,,,,,,,,,,,,,,,0.07,,,,,,,,,,,,,,,,,,,,,,,,,,,,0.37,,7.33,,,,,0.04,3.27,,,,,,,,,,,,,,,,,,,,,,
甘孜藏族自治州,,,,,,,,,,,,,,,,,,,,,,,,,0.24,24.84,,,1.14,,,,,,,,,,,,,,,,,,,,,,,,,,,,,,,,,,,,,,,,,,,,,,,,,,,,,,,,,,,,,,,,,,,,,,,,,,,,,,,,,,,,,,,,,,,,,,,,,,,,,,,,,,,,,,,,,,,,,,,,,,,,,,,,,,,,,,,,,,,,,,,,,,,,,,,,,,,,,,,,,,,,,,,,,,,,,,,,,,,,,,,,,,,,,,,,,,,,,,,,,,,,,,,,,,,,,,,,,,,,,,,,,,,,0.03,,,,,,,1.25,0.23,0.51,0.1,0.26,0.4,0.08,0.85,0.17,0.57,0.25,0.37,0.16,0.21,0.08,4.97,,0.25,4.46,,1.94,,,,,,,,,,,,,,,0.17,,0.08,,,,,0.06,,,6.89,0.11,,,,,,,,,,,,,,,0.17,,,,,,,,,,,,,,,0.1,0.04,,,0.06,,7.21,8.52,,,,,,,,,,,,,,,,,,,,,
凉山彝族自治州,0.51,,,,,,,,,,,,,,,,,,0.27,,,0.33,,,6.84,0.27,,,0.11,,,,,,,,,,,,,,,,,,,,,,,,,,,,,,0.04,,,,,,,,,,,,,,,,,,,,,,,,0.02,,,,,,,,,,,,,,,,,,,,,,,,,,,,,,,,,,,,,,,,0.13,,,,0.06,,,,,,,,,,,,,0.05,,0.11,,,,,,,,,,,,,,,,,,,,,,,,,,,,,,,,,,0.08,,,,,,,,,,,,,,,,,,,,,,,,,,,,,,,0.06,,,,,,,,,,,,,,,,,,,,0.11,,,,,,,,0.06,,,,,,0.13,,,,,,,,,,,,,,,,,,,,,,,2.66,0.28,41.66,0.39,0.62,0.6,0.55,0.71,0.38,4.51,0.4,1.45,0.88,0.33,0.18,7.51,0.2,0.41,1.1,12.38,,,0.04,,,0.04,,,,,1.56,0.28,0.2,,10.26,4.18,,0.09,1.17,0.06,,0.11,0.2,0.05,,0.05,,,,,,,,,,,,,,,0.12,,,,,,,,,,,,,,,,,0.03,,,,,,,,,,,,,,,,,,,0.06,,,,,,,,
贵阳市,,,0.15,0.21,0.1,0.16,0.16,,0.21,0.2,0.59,0.07,0.84,0.36,0.21,0.22,0.1,0.61,0.81,0.37,1.35,1.5,1.23,,2.06,0.27,0.38,0.18,,,0.15,0.17,,0.09,0.14,0.15,0.08,,,,,0.07,0.07,0.04,,,,,0.05,0.28,0.05,0.09,0.05,0.05,0.11,,,0.04,,,0.07,,0.09,,0.03,,0.14,,0.15,,,,,0.04,,,0.03,0.04,,0.04,,0.03,0.05,0.26,0.1,,0.06,,,,,0.17,0.09,,0.13,,,,0.05,,,0.08,0.08,0.13,0.12,0.07,0.12,0.05,0.05,0.06,0.09,,0.08,,0.11,0.27,0.58,0.1,0.09,0.09,0.28,0.23,0.06,0.42,0.22,0.05,,,,0.08,,0.1,0.13,0.05,0.03,,,0.04,,0.17,0.1,0.6,0.21,0.37,0.19,0.32,0.09,0.25,0.18,0.14,0.45,,0.1,0.19,0.38,0.21,0.17,0.39,0.37,0.34,0.14,0.06,,,0.11,,0.1,0.11,0.13,0.14,0.1,,0.06,,0.06,,,0.12,0.15,,0.18,,0.13,,0.12,0.14,,0.19,0.11,0.12,0.22,,0.09,,0.14,0.73,,,,,,,0.04,,,0.02,0.06,,0.05,0.73,0.2,0.16,0.2,0.27,0.6,0.31,0.39,0.12,0.27,0.09,0.13,0.58,0.56,0.16,0.15,0.12,0.24,0.09,0.02,0.06,0.08,0.19,0.05,0.06,0.08,0.04,0.06,0.04,0.04,0.06,0.11,0.03,0.16,0.05,0.08,0.17,0.24,0.49,0.1,0.33,0.34,0.1,0.14,0.04,0.38,0.08,0.3,0.11,0.06,0.12,0.73,,0.73,0.64,0.45,0.23,1.54,0.21,0.21,0.09,0.28,0.45,0.32,0.51,0.34,0.43,1.14,0.33,0.06,0.12,0.58,,,0.3,,11.86,15.2,26.7,26.3,10.29,0.73,0.73,0.73,0.65,0.53,0.14,0.1,1.99,0.13,0.17,0.17,0.25,0.37,0.16,0.64,0.37,0.21,,0.1,0.03,,,,,,,0.12,0.06,0.19,0.05,0.05,,0.21,,0.27,0.11,0.09,,0.1,0.05,,,0.06,0.12,,0.09,0.06,0.06,,,,,,,,,,,,,,0.07,,,0.73,,,,0.73,0.19,,0.73,0.73,0.73,0.15,0.73,0.73,0.73
六盘水市,,,,,,,,,,,,,,,,,,0.13,0.2,0.05,,0.24,0.19,,3.54,,,,,,,,,,,,,,,,,,,,,,,,,,,,,,,,,,,,,,,,,,,,,,,,,,,,0.03,,0.09,,,,,,,,,,,,,,,,,,,,0.05,,,,,,,,,,,,,,,,,,,,0.05,0.06,0.12,0.05,,,0.06,,,,,,,,,,,,,,,,0.03,0.16,,,,,,,0.05,,,,,,0.12,,,0.09,,,0.04,,,,,,,,,,,,,,,,,,,,,,,,,,,,,,,,,,,0.38,,,,,,,,0.03,,,,,,0.38,0.05,,0.08,,0.13,0.08,0.05,,,,,0.06,0.15,0.1,0.11,,,,,,,,,,,,,,0.03,,,,,0.02,,,,,,0.08,,,,0.02,0.1,,0.03,,,,0.38,,0.38,0.05,0.12,0.12,0.28,,,,,0.1,0.07,0.08,,0.07,0.1,,0.05,,0.18,,,0.06,3.79,,0.5,8.02,11.01,0.2,0.38,0.38,0.38,0.91,4.77,0.19,0.14,0.68,0.13,0.09,0.17,0.17,0.18,0.08,0.27,0.19,0.09,,,,,,,,,,,,,,,,,,0.11,,,,,,,,,,,,,,,,,,,,,,,,,,,,,,0.38,,,,0.38,,,0.38,0.38,0.38,0.07,0.38,0.38,0.38
遵义市,,,,,,,,,,,0.36,,0.42,0.16,,,,0.31,0.66,0.19,0.54,3.74,3.31,,0.73,,0.36,0.12,,,,,,,,,,,,,,,,0.03,0.04,,,,,,0.06,,,,,,,,,,,,,,,,,,,,,,,,,,,,0.1,,,,,0.26,,0.03,,0.2,,,,,,,0.19,0.05,0.09,,,,,,,,,,,,,,,,,,0.07,0.18,0.32,0.08,,0.09,0.25,0.07,,0.18,,,,,0.04,,,,,,,,,,,,,0.26,0.1,0.13,0.1,0.26,,0.05,0.08,0.06,0.12,0.11,0.16,0.2,0.12,0.18,0.05,0.13,0.13,0.09,0.1,,,,,,,,,,,,,,,,,,,,,,,0.11,,,,,,,,,,,,0.8,,0.12,,,0.07,,,0.03,,,,,0.05,0.8,0.13,0.08,0.1,0.11,0.23,0.13,0.23,0.17,0.09,0.05,0.08,0.32,0.24,0.17,0.16,0.05,0.08,0.07,0.05,0.07,0.05,0.06,0.05,0.06,0.07,0.02,0.04,0.03,0.07,0.04,0.16,0.06,0.06,0.06,0.04,0.08,0.22,0.23,0.04,0.11,0.06,0.03,0.07,0.06,0.12,0.09,0.19,0.05,,0.04,0.8,,0.8,0.42,1.11,0.02,15.32,0.15,0.21,0.25,0.17,1.13,0.62,0.41,0.27,1.34,0.53,0.39,0.34,0.31,0.37,,0.14,0.35,11.48,0.92,,1.55,5.64,8.54,0.8,0.8,0.8,0.18,0.15,0.06,0.06,0.76,0.06,0.05,0.1,0.07,0.11,0.08,0.37,0.1,0.05,0.08,,,,,,,,,0.08,0.08,0.1,0.03,0.05,0.03,0.32,0.12,0.41,,,,,,0.07,0.05,,,,0.07,0.04,0.19,,,,,,,,,,,0.03,,,0.02,,,0.8,,,,0.8,,,0.8,0.8,0.8,0.07,0.8,0.8,0.8
安顺市,,,,,,,,,,,,,,,,,,0.12,0.23,0.08,,0.23,0.19,,0.61,0.18,,,,,,,,,,,,,,,,,,,,,,,,,,,,,,,,,0.03,0.06,0.03,,,,,,,,,,,,,,,,,,,,,,,,,,,,,,,,,,,0.05,,,,,,,,,,,,,,,,0.02,,,,,0.11,,0.05,0.04,0.13,,,,,,,,,0.04,,,,,,,,,,,,,,,0.06,,0.04,,,,,,0.05,,0.07,0.12,,0.07,,,,,,,,,,,,,,,,,,,,,,,,,,,,,,,,,,,,,,0.4,,,,0.03,,,,,,,,,0.02,0.4,0.06,,,,0.21,,,,,,,0.09,0.11,0.08,0.07,,,0.03,0.02,,,,,0.02,0.05,,0.02,0.04,,,0.04,,,,,,0.12,0.18,,,0.08,,0.02,,0.08,0.02,0.04,0.02,,,0.4,,0.4,,0.12,,0.21,,0.1,,,0.08,0.07,,0.05,0.08,0.15,,,,0.06,,,0.18,12.84,8.8,0.96,,4.44,0.36,0.4,0.4,0.4,0.26,0.26,0.06,0.15,0.23,0.1,0.1,0.09,0.11,0.14,0.06,0.25,0.16,0.09,,0.05,,,,,,,,,,,,,,,,,,,,,,,,,,,,,0.06,,,,,,,,,,,,,,0.02,,,0.4,,,,0.4,,,0.4,0.4,0.4,,0.4,0.4,0.4
毕节市,0.6,,,,,,,,,,0.52,,0.43,0.14,,,,0.22,1.05,0.13,,0.51,1.02,,8.83,,,,,,,,,,,,,,0.07,,,,,0.03,,,,,,,,,,,,,,,,,,,,,,,,,,,,,,0.11,,,,,,,,,,,0.1,,,,,0.05,,,,,,,,,,,,,0.05,,0.05,0.07,,,,,,0.02,0.05,,,0.36,0.29,0.14,0.18,0.16,0.29,0.15,,0.33,0.08,,,,0.05,,,,,,0.04,,,,,,,0.27,0.14,0.16,0.05,0.27,0.03,,,,0.11,0.09,0.17,0.1,0.07,0.09,,0.32,0.12,,0.07,,,,,,,,,0.09,,,,,,,,,,,,,,,,,,,,,,,,,,0.97,,,,,,,0.04,,,,0.06,,,0.97,0.1,0.06,0.08,0.07,0.23,0.09,0.11,0.19,0.05,0.04,0.08,0.12,0.15,0.14,0.48,,0.19,0.05,0.06,0.03,0.02,,0.02,0.01,0.13,,,0.02,0.02,,0.2,0.03,0.1,0.03,0.0,0.04,0.11,0.2,0.02,0.18,,0.03,0.03,0.03,0.14,0.03,0.07,0.06,0.01,,0.97,,0.97,0.3,0.31,,4.13,0.04,0.13,0.19,0.13,0.24,0.35,0.11,0.12,0.37,0.21,0.07,0.23,,0.14,,0.04,0.08,21.82,22.26,6.63,8.98,,0.74,0.97,0.97,0.97,0.79,4.74,0.57,0.08,11.55,0.05,0.16,0.19,0.16,0.23,0.17,0.41,0.18,0.13,,0.1,,,,,,,,,0.06,,,,,,,0.23,0.03,,,,0.04,,,,,0.04,,,0.08,,,,,,,,,,,,,,0.04,0.04,,0.97,,,,0.97,,,0.97,0.97,0.97,,0.97,0.97,0.97
铜仁市,,,,,,,,,,,0.22,,0.43,0.1,,,0.1,1.37,0.61,0.06,,2.22,0.21,,0.68,,,,,,,,,,,,,,,,,,,,,,0.09,,,,,,,,,,,,,,,,,,,,,,,,,,,,,,,,,,,,,,,,,,,,,,,,,,,,,,,,,,,,,,,,,,,,,0.12,0.17,0.05,,0.05,0.16,,,0.13,,,,,,,,0.1,,,,,,,,,,0.17,0.28,0.21,0.07,0.14,0.05,,0.13,,,,,,0.19,,0.04,0.12,0.14,0.06,0.04,,,,,,,,,,,,,,,,,,,,,,,,,,,,,,,,,,,0.52,,0.37,,0.07,,,,,0.02,,,,,0.52,0.19,0.1,0.1,0.07,0.48,0.11,0.21,0.34,0.11,0.08,0.08,4.3,0.33,4.43,0.17,0.02,,,0.03,0.13,0.24,,,0.15,0.08,,,0.06,0.1,0.07,0.05,0.1,,,0.02,0.04,0.04,0.1,,0.07,0.08,,,0.02,,0.04,0.07,,,,0.52,,0.52,0.06,0.05,,0.15,,,,,0.09,,,0.05,0.36,0.16,0.07,,,0.14,,,0.05,4.43,0.51,5.49,0.46,0.71,,0.52,0.52,0.52,0.06,0.14,0.09,,0.98,,,,0.06,0.06,,0.09,0.12,,,,,,,,,,,,,,,,,,,,,,,,,,,,,,,,,,,,,,,,,,,,,,,,,0.52,,,,0.52,,,0.52,0.52,0.52,,0.52,0.52,0.52
黔西南布依族苗族自治州,,,,,,,,,,,,,,,,,,0.12,0.37,1.16,0.23,0.23,0.14,,2.69,,,,,,,,,,,,,,,,,,,,,,,,,,,,,,,,,,,,,,,,,,,,,,,,,,,,0.03,,,,,,,,,,,,,,,,,,,,,,,,,,,,,,,,,,,,,,,,,,,,0.13,,,0.11,0.12,,,,,,,,,,,,,,,,,0.12,,,,0.1,,,,,,,,,0.12,,,,,,,,,,,,,,,,,,,,,,,,,,,,,,,,,,,,,,,,,,,,,,0.03,,,,,,,,,,0.05,,0.05,,0.15,,0.09,,0.03,,,0.1,0.05,0.08,0.09,,0.08,0.02,,0.03,0.02,0.07,0.03,,0.05,,,,,,0.08,,,,,0.19,,,0.02,0.07,0.1,0.18,0.07,0.09,6.56,0.03,0.12,,0.05,0.04,,,,0.06,0.06,0.33,0.13,,,,,0.07,0.07,,,0.06,,,,,0.04,0.04,,0.16,3.46,9.85,0.5,7.81,0.59,0.17,,,,0.64,3.71,0.17,0.1,0.15,0.1,0.04,0.23,0.17,0.33,0.31,0.2,0.37,0.07,0.29,,,,,,,,,,,,,,,,,,,,,,,,,,,,,,,,,,,,,,,,,,,,,,,,,,,,,,,,,,,,
黔东南苗族侗族自治州,,,,,,,,,,,0.33,,0.31,0.15,,,,0.98,1.05,0.78,,0.51,0.83,,0.84,,,,,,,,,,,,,,,,,,,,,,,,,,,,,,0.03,,,,,,,,,,,,,,,,,,,,,,,,,,,,,,,,,,,,,,,,,,,,,,,,,,,,,,,,,,,,0.1,0.14,0.17,0.04,0.09,0.09,0.21,0.13,,0.17,0.13,,,,,0.05,,,,,,,,0.03,,,0.03,0.24,0.08,0.19,0.06,0.09,0.05,0.05,0.07,,0.16,,0.14,,,0.18,0.03,0.11,0.2,0.09,0.11,,,,,,,,,,,,,,,,,,,,,,,,,,,,,,,,,,,0.38,,,,,,,,,,0.02,,,,0.38,0.13,0.12,0.18,0.08,0.7,0.07,0.17,0.34,0.09,0.1,0.11,4.35,0.31,0.2,0.3,,0.13,0.07,0.1,0.07,0.14,0.32,0.05,0.07,0.07,,0.1,0.06,0.05,0.05,0.21,0.07,0.13,0.06,0.02,0.05,4.37,0.41,0.02,0.7,0.08,0.07,0.06,0.11,0.07,0.06,0.34,0.07,0.05,,0.38,,0.38,0.08,0.26,0.05,0.41,0.2,0.27,0.35,0.33,0.36,0.09,0.79,0.15,0.36,0.68,0.97,,0.31,0.15,0.04,0.04,0.09,4.45,0.9,1.96,1.2,0.78,4.94,0.38,0.38,0.38,0.13,0.43,0.18,0.1,0.64,0.03,0.04,0.09,0.17,0.13,0.08,,0.27,0.21,0.04,,,,,,,,,,,,,,,0.16,,0.19,,,,,,,,,,,,,,,,,,,,,,,,,,,,,,0.38,,,,0.38,,,0.38,0.38,0.38,,0.38,0.38,0.38
黔南布依族苗族自治州,,,,,,,,,,,0.28,,0.26,0.13,,,,0.28,0.78,0.87,0.34,0.55,0.65,,0.61,,0.32,,,,,,,,,,,,,,,,,,,,,,,,,,,,,,,,,0.12,,,,,,,,,,0.05,,,,,,0.04,,,,,,0.03,,,,,,,,,,,,,,,,,,,,,,,,,0.08,,,,,,,0.04,,0.19,0.15,,0.13,0.05,0.23,,,0.16,0.12,,,,,,,0.05,,,,,,,,,,0.26,,,,,,,0.12,0.08,0.1,0.08,0.08,,,,0.05,0.16,0.21,,0.07,,,,,,,,,,,,,,,,,,,,,,,,,,,,,0.08,,,,,,0.52,,,,,0.03,,,,,,,,,0.52,0.08,,0.12,0.1,0.32,0.1,0.1,0.09,0.08,0.04,0.09,0.37,0.3,0.08,0.18,,0.1,0.06,,0.04,0.04,0.41,0.09,0.06,0.1,,,,0.05,0.04,0.14,0.05,0.08,0.05,0.06,0.22,0.58,0.32,0.05,0.15,0.17,0.09,0.25,0.1,0.35,0.07,3.37,0.19,0.03,0.03,0.52,,0.52,0.15,0.3,0.05,0.44,0.18,0.18,0.33,0.22,0.15,0.16,0.61,0.14,0.2,0.43,0.5,0.05,0.32,0.19,0.04,0.09,0.07,18.2,1.03,3.1,6.25,1.28,1.24,0.52,0.52,0.52,0.1,0.3,0.08,0.1,0.39,,0.07,0.08,0.18,0.17,0.09,0.16,0.14,0.09,0.08,0.05,,,,,,,,0.05,0.04,0.1,0.05,,0.03,0.34,0.1,0.25,0.13,,,,,,,,,,,,,,,,,,,,,,,,,,0.02,,,0.52,,,,0.52,,0.07,0.52,0.52,0.52,,0.52,0.52,0.52
昆明市,0.26,0.1,0.31,0.41,0.18,0.3,0.24,0.14,0.27,0.31,0.73,0.17,1.35,0.51,0.33,0.29,0.13,0.67,0.9,0.46,0.5,2.28,2.63,2.41,,0.73,0.42,0.33,0.44,0.12,0.33,0.31,,,,0.44,0.25,0.08,0.05,0.25,0.06,0.27,0.14,0.05,0.18,0.06,0.12,0.06,0.31,0.36,0.05,0.1,0.15,0.15,0.17,,0.08,,,0.41,0.03,0.02,,,,0.07,0.24,0.03,,0.07,0.16,,0.05,,0.06,0.07,,0.08,0.15,0.1,0.11,0.03,,0.13,0.26,0.04,0.06,0.2,0.13,0.05,,,,,,,,0.09,0.11,0.04,,0.18,0.13,0.26,0.14,0.11,0.13,0.06,0.08,0.08,0.08,0.07,0.09,0.04,0.14,0.27,0.71,0.09,0.06,0.17,0.48,0.26,,0.45,0.31,0.17,0.14,0.04,0.04,0.1,,0.17,0.22,,0.07,0.12,0.07,0.07,0.08,0.16,0.07,0.76,0.23,0.51,0.39,0.65,0.16,0.26,0.54,0.37,0.56,0.07,0.16,0.23,0.09,0.2,0.19,0.43,0.7,0.46,0.32,0.17,0.11,0.09,0.12,0.09,0.11,0.17,0.13,0.08,0.19,0.03,,0.12,,0.09,0.11,0.16,0.24,0.1,0.36,,0.13,0.09,0.27,0.13,0.15,0.12,0.07,0.11,0.24,0.11,0.13,0.1,0.15,0.85,0.02,0.06,,,0.07,,0.04,0.03,,0.05,0.06,,0.02,0.85,0.24,0.28,0.16,0.52,0.67,0.2,0.41,0.09,0.22,0.16,0.21,0.27,0.75,0.09,0.15,0.12,0.24,0.11,0.12,0.07,0.03,0.17,0.15,0.03,0.07,0.05,0.07,0.04,0.04,0.03,0.12,0.04,0.14,0.2,,0.43,0.16,0.32,0.13,0.25,0.41,0.11,0.19,0.31,0.38,0.08,0.09,0.07,0.09,0.09,0.85,,0.85,0.84,1.08,5.4,1.14,0.31,0.43,0.31,0.56,1.37,0.52,1.05,0.4,0.96,1.89,0.37,0.31,0.16,1.07,,0.09,7.71,0.77,4.47,0.54,0.94,2.11,0.3,0.85,0.85,0.85,,49.25,48.76,13.36,20.21,15.21,20.65,21.5,57.23,34.29,15.53,16.26,24.14,11.42,12.98,6.5,0.07,,,,,,,0.17,0.08,0.1,0.09,0.13,0.06,0.21,,,0.05,0.11,,0.25,0.2,0.12,0.11,0.12,0.05,0.06,0.12,0.09,0.22,0.05,0.05,0.15,,0.05,,,,,,0.06,,0.07,,,0.22,0.85,,,0.16,0.85,,,0.85,0.85,0.85,,0.85,0.85,0.85
曲靖市,,,,,,,,,,,0.19,,0.18,,,,,0.11,0.21,0.31,,0.46,0.37,3.65,,0.45,,,,,,,,,,,,,,,,,,,,0.14,,,,,,0.15,,,,,,,,,,,,,,,,,,,,,,,,,,,,,0.07,,0.02,,,,,,,,,,,,,,,,,,,,,,,,0.15,,,,,,,,,0.08,0.19,,,,0.13,,,0.15,0.06,,0.05,,,0.06,,,,,,,,,,,,0.12,0.05,0.15,,,,,0.07,0.06,0.12,,0.06,,,,,,,,,,,,,,,,,,,,,,,,,,,,,,,,,,,,,,,,,,,0.62,,,,,,,,,,,,,0.02,0.62,,,0.05,0.11,0.11,,,,,,,0.06,0.08,,,,0.05,0.03,0.02,0.03,0.03,0.03,,,0.04,,,,0.02,,,0.03,,,0.0,0.1,0.04,0.1,0.03,,0.08,0.06,0.04,0.04,1.28,,0.09,0.1,0.03,,0.62,,0.62,0.12,0.26,0.25,0.29,0.07,0.1,0.14,0.1,0.19,0.2,0.09,0.06,0.12,0.21,,0.06,,0.12,0.04,,0.83,0.31,8.81,0.11,0.4,3.42,0.09,0.62,0.62,0.62,21.5,,3.47,0.98,3.97,1.14,0.95,0.81,2.33,7.56,3.56,1.41,1.46,0.98,0.55,0.1,0.19,,,,,,,,0.1,,,,,0.13,0.09,,,,,,,,,,,,,,,,,,,,,,,,,,,,,0.04,,0.62,,,0.04,0.62,0.13,,0.62,0.62,0.62,0.15,0.62,0.62,0.62
玉溪市,,,,,,,,,,,,,,,,,,,,0.05,,0.18,0.13,0.24,,,,,,,,,,,,,,,,,,,,,,,,0.02,,,,,,,,,,,,,,,,,,,,,,,,,,,,,,,0.06,,,,,,,,,,,,,,,,,,,,,,,,,,,,,,,,,,,,,,,,,,,,,,,,,,,,,0.11,,,,,,,,,,0.11,,,,,,,,,,,,,,,,,0.1,,,,,,,,,,,,,,0.06,,,,,,,,,,,,,,,,,,,,,,,,,,,,,,,,,,,,,,,,,,,,,,,,,,,0.05,,,,,,,,,0.02,,,,,,,,,,,,,0.04,,,,,0.1,0.02,0.01,0.02,0.03,,,0.04,0.01,,,,,,0.08,0.51,0.07,,,,,,0.1,,,0.07,0.15,,,,0.07,,,0.09,0.04,0.29,0.08,0.1,0.27,,,,,11.83,1.72,,0.69,0.81,0.39,10.48,0.58,6.06,12.91,1.05,5.82,1.17,0.53,0.17,0.54,0.03,,,,,,,,0.12,,,,,,0.05,,,,,,,,,,,,,,,,,,,,,,,,,,,,,,,,,,0.04,,,,,,,,,,
保山市,,,,,,,,,,,,,,,,,,,,,,,,,,0.09,,,,,,,,,,,,,0.05,,,,,,,,,,,,,,,,,,,,,,,,,,,,,,,,,,,,,,,,,,,,,,,,,,,,,,,,,,,,,,,,,,,,,,,,,,,,,,,,,,,,0.06,,,,,,,,,,,,,,,,,,,,,,,,,,0.09,,,,,,,,0.04,,,,,,,,,,,,,,,,,,,,,,,,,,,,,,,,,,,,,,,,,,,,,,,,,,0.06,,,,,,,,0.07,,,,,,,,,,,,,,,,,,,,,0.02,,,,,,,,,,,,,,,,,,,0.05,0.03,,0.03,,,,,,0.05,,0.15,,,,,,,0.14,,0.06,,,,,,0.06,,,0.09,0.04,0.05,,0.06,0.04,,,,,1.87,0.38,0.62,,0.17,1.06,0.35,16.08,0.94,0.16,0.1,0.39,9.58,48.99,18.56,0.32,,,,,,,,,,,,,,,,,,,,,,,,,,,,,,,,,,,,,,,,0.06,,,,,,,,,,,,,,,,,,,
昭通市,,,,,,,,,,,0.31,,,,,,,,,0.07,,0.47,5.04,2.67,,0.45,0.22,,,0.13,,,,,,,,0.05,,,,,,,,,,,,0.13,,0.1,,,,,,,,,,,,,,,,,,0.05,0.09,,,,,,,,,,,,,,,,,,,,,,,,0.06,,,,0.05,,,,,,0.05,,,,,,,0.03,,,0.05,0.09,0.22,0.23,,,0.3,,,,0.09,,,,,,,,,,,,,,,,,0.12,0.07,,,,,,0.06,0.07,0.1,,,,0.12,,,,,,,,,,,,,,,,,,,,,,,,,,,,,,,,,,,,,,,,,0.62,,,,,,,,,,,,,,0.62,0.05,,,,0.07,,0.08,,,,,,0.06,,,,,,,,0.02,,,,0.03,0.02,,,,,0.04,,,,0.0,,,,,0.06,0.04,,,,0.06,0.02,,0.29,,,0.62,,0.62,0.52,0.86,0.43,1.91,0.11,0.22,0.2,0.3,0.73,1.18,0.18,0.35,13.97,0.22,0.1,0.16,0.12,0.31,0.13,0.19,24.34,0.4,0.77,0.24,0.22,6.0,,0.62,0.62,0.62,6.85,3.87,1.4,0.47,,0.36,0.7,0.54,1.19,0.57,0.36,1.25,0.58,0.51,0.25,0.05,0.15,,,,,,,,,,0.04,,0.04,0.16,0.12,0.21,0.05,,,,0.04,,,,,,,,0.16,,,,,,,0.04,,,,0.07,,0.02,,0.04,,0.62,,,0.08,0.62,,,0.62,0.62,0.62,,0.62,0.62,0.62
丽江市,,,,,,,,,,,,,,,,,,,,,,,0.59,,,,,,,,,,,,,,,,,,,,,,,,,,,,,,,,,,,,,,,,,,,,,,,0.05,,,,,,,,,,,,,,,,,,,,,,,,0.08,,,,0.09,,,,,,,,,,,,,0.06,,,,,,0.11,,,,,,,,,,,,,,,,,,,,,,,0.06,,,,,,,,,,,,,,,,,,,,,,,,,,,,,,,,,,,,,,,,,,,,,,,,,,,,,,,,,,,,,,,,,,,,,,,,,,,,,,,,,,,,,,,,,,,,,,,,,,,,,,,,,,,0.03,,,,,,,,,,,,,,,,,0.08,0.41,9.58,0.12,0.06,,,0.06,0.07,0.14,,,0.08,0.09,,0.12,,0.07,,0.33,2.19,,0.04,,,,,,,,1.46,0.27,0.2,0.69,0.14,,0.08,0.39,1.4,0.24,0.11,0.11,14.36,0.41,4.68,47.75,,,,,,,,,,,,,,,,,,,,,0.05,,,,,0.04,,,,,,,,,,,,,,,,,,,,,,,,,0.06,,,,,,,,
普洱市,,,,,,,,,,,,,,,,,,,,,,,0.13,,,,,,,,,,,,,,,,,,,,,,,,,,,,,,,,,,,,,,,,,,,,,,,,,,,,,,,,,,,,,,,,,,,,,,,,,,,,,,,,,,,,,,,,,,,,,,,,,,,,,,,,,,,,,,,,,,,,,,,,,,0.04,,0.04,,0.12,,,,,,0.16,,,,,,,,,,,,,,,,,,,,,,,,,,,,,,,,,,,,,,,,,,,,,,,,,,,,,,,,,,,0.06,0.07,,,,,,,,0.07,,,,,,,,,,,,,,,,,,,,,,,,,,,,,,,,0.03,,,,0.03,,,,,0.08,0.08,0.25,0.07,,,,0.07,,0.05,,,,0.08,,0.11,,,,,,,0.07,,,0.05,,,,,2.85,0.56,6.82,0.56,0.21,0.22,,14.03,1.48,4.04,0.31,44.47,2.88,0.35,0.21,0.16,,,,,,,,,,,,,,,,,,,,,,,,,,,,,,0.03,,,,,,,,,,,,,,,,,,,,,,,,,,,,,
临沧市,,,,,,,,,,,,,,,,,,,,,,,,,,,,,,,,,,,,,,,,,,,,,,,,,,,,,,,,,,,,,,,,,,,,,,,,,,,,,,,,,,,,,,,,,,,,,,,,,,,,,,,,,,,,,,,,,,,,,,,,,,,,,,,,,,,,,,,,,,,,,,,,,,,0.03,,0.07,,,,,,,,,,,,,,,,,,,,,,,,,,,,,,,,,,,,,,,,,,,,,,,,,,,,,,,,,,,,0.02,,,,,,0.08,,,,,,,,,,,,,,,,,,,,,,,,,,,,,,,,,,0.02,,,,,0.02,0.02,,,,,,,,,,,0.1,0.06,0.04,,,,,0.09,,,,0.09,,,,,,,,,0.07,,,,,,,,1.77,0.29,0.4,11.66,0.07,0.29,13.17,,0.93,0.19,0.07,1.57,8.71,0.84,0.29,0.1,,,,,,,,,,,,,,,,,,,,,,,,,,,,,,,,,,,0.13,,,,,,,,,,,,,,,,,,,,,,,,
楚雄彝族自治州,,,,,,,,,,,,,,,,,,,,,,,0.48,0.1,,,,,,,,,,,,,,,,,,,,,,,,,,,,,,,,,,,,,,,,,,,,,,,,,,,,,,,,,,,,,,,,,0.11,,,,,,,,,,,,,,,,,,,,,,,,,,,,,,,,,,,,,,,,,,,,,,,,,,,,,0.1,,,,,,,0.07,,,,,,,,,,,,,,,,,,0.08,,,,,,,,,,,,,,,,,,,,,,,,,,,,,,,,,,0.03,,,,0.02,,,,,,,,,,,,,,,,,,,,,,,,,,0.02,,,,,,,,,,,,,,,,,,,,,,,,,,,,,,,,,0.09,0.18,7.64,0.08,0.04,,,0.16,0.05,0.08,,0.05,,0.18,,0.19,,0.18,,0.04,1.46,,0.11,,0.08,0.1,,,,,11.52,1.08,6.09,1.96,0.53,2.05,1.81,2.78,,1.36,0.59,0.44,7.7,1.54,1.19,1.96,,,,,,,,,0.06,,,,,,,,,,,,,,,,,,,,,,,0.03,,,,,,,,,,,,,,,,,,,,0.07,,,,,,,
红河哈尼族彝族自治州,,,,,,,,,,,,,,,,,,,0.23,0.14,,0.28,0.17,0.21,,,,,,,,,,,,,,,,,,,,,,,,,,,,,,,,,,,,,,,,,,,,,,,,,,,,,,,,,,,,,,,,,,,,,,,,,,,0.05,,,,,,,,,,,,,,,,,,,,,,,,0.04,,,,,,,,,,,,,,,,,,,,,0.12,,0.08,,,0.05,,,0.09,,,,,,,,,0.06,,,,,,,,,,,,0.03,,,,,,,,,,,,,,,,,,,,,,,,,,,,,,,,,,,,,,,,0.04,,0.08,,,,,,0.11,0.06,0.11,,,,,0.02,,,,0.03,0.06,0.02,0.04,,0.02,,,,0.06,,,,0.03,0.06,,0.09,0.04,0.11,0.15,0.08,0.03,0.1,0.15,0.05,0.09,,0.05,,,,,,0.12,0.23,,,,,0.15,0.09,0.07,,0.06,0.07,0.21,,0.12,,,,,0.1,0.05,0.25,,0.12,0.12,,,,,9.01,4.24,17.65,0.38,0.4,0.3,9.31,0.56,2.07,,16.87,4.57,0.87,0.25,0.25,0.1,,,,,,,,,,,,,,,,0.11,,,,,,,,,,0.06,,,,,,,,,,,,,,,,,,,,,,,,,,,,,,,,,
文山壮族苗族自治州,,,,,,,,,,,,,0.23,,,,,,0.52,1.4,,,0.13,0.13,,,,,,,,,,,,,,,,,,,,,,,,,,,,,,,,,,,,,,,,,,,,,,,,,,,,,,,,,,,,,,,,,,,,,,,,,,,0.11,,,,,,,,,,,,,,,,,,,0.08,0.06,,,0.05,,,,,,,,,,,,,,,,,,,,0.11,,0.17,0.1,0.1,0.04,,0.09,,,,,0.09,0.09,,0.04,,,,,,,,,,,,,,,,,,,,,,,,,,,,,,,,,,,,,,,,,,,0.03,,,,,,,,,,,,,0.06,0.07,0.1,,,,,0.05,0.04,,0.08,,,,,0.05,,0.04,0.22,0.06,0.3,0.04,0.1,,0.04,0.02,0.23,0.01,0.09,0.06,,,0.06,0.4,0.13,0.14,0.15,0.34,0.71,0.41,0.13,0.22,6.46,0.03,0.18,0.08,0.35,,,,,,0.19,0.05,0.11,,,,,0.11,,,,,0.12,,,,0.04,,,0.14,0.04,0.07,,0.1,0.07,,,,,4.09,2.11,2.01,0.56,0.19,0.22,0.76,0.6,0.67,17.81,,1.25,0.52,0.19,0.08,0.32,,,,,,,,,,,,,,,,,,,,,,,,,,,,,,,,,,,,,,,,,,,,,0.08,,,,,,,,,,,,,,
西双版纳傣族自治州,,,,,,,,,,,,,,,,,,0.12,,0.04,,,0.14,,,,,,,,,,,0.1,,,,,,,,,,,,,,,,,,,,,,,,,,,,,,,,,,,,,,,,,,,,,,,,,,,,,,,,,,,,,0.06,,,,,,,,,,,,,,,,,,,,,,,,,,,0.06,,,,,,,,,,,,,,,,,,,,0.13,,,,0.09,,,,,,,,,,,0.04,,,,,,,,,,,,,,,,,,,,,,,,,,,,,,,,,,,,,,,,,,,,,,,,,,,,,,,0.06,,0.24,0.11,,,,,,0.05,,,,,,,,,,,0.02,,,,0.01,0.01,,,,,,0.03,,,0.03,,,,,,0.03,0.01,0.02,0.01,,,,,,,,,0.06,0.17,0.1,,0.05,,,,0.1,,,0.04,0.14,,,,,0.06,,,0.05,0.04,0.09,,0.05,,,,,,1.65,0.54,1.87,0.45,0.14,0.22,27.28,1.39,0.41,1.31,0.22,,0.69,0.25,0.04,0.05,,,,,,,,,,,,,,,,,,,,,,,,,,,,,,,,,,,,,,,,,,,,,,,,,,,,,,,,,,,
大理白族自治州,,,,,,,,,,,,,0.19,,,,,0.08,,0.05,,0.2,0.31,0.2,,0.82,,,,,,,,,,,,,,,,,,,,,,,,,0.03,,,,0.04,,,,,,,,,,0.03,,,,,,,,,,,,,,,,,,,,,,,,,,,,,,,,,,,,,,,,,,,,,,,,,,,,0.14,,,,,,,,,,,,,,,,,,,,,,,,,0.16,0.04,,,0.11,,,,,,,,,,,,,,,,,,,,,,,,,,,,,,,,,,,,,,,,,,,,,,,,,,,,0.06,,,,,,,,,,,,,,0.06,0.04,,0.09,,,,,,,,,,,,,,,,0.02,,,,0.08,,,,,,,,0.03,,0.01,0.04,,,,0.06,0.06,,0.03,0.03,0.03,,,,,,,,,0.12,0.15,0.72,0.17,0.09,,0.09,,0.14,0.23,0.16,0.05,0.07,0.2,,0.15,,0.12,0.04,0.81,0.32,0.09,0.08,0.1,0.13,0.16,0.07,,,,6.14,1.08,1.53,18.99,0.5,40.62,4.83,23.71,8.21,0.96,0.38,1.09,,12.82,48.57,20.51,0.19,,,,,,,,0.04,,,,,,,,,,,,,,,,,,,,,,,,,,,,,,,,,,,,,,,,,,,0.07,,,,,,,
德宏傣族景颇族自治州,,,,,,,,,,,,,0.23,,,,,,,,,,,,,,,,,,,,,,,,,,,,,,,,,,,,,,,,,,,,,,,,,,,,,,,,,,,,,,,0.04,,,,,,,,,,,,,,,,,,,,,,,,,,,,,,,,,,,,,,,,,,,,,,,,,,,,,,,,,,,,,,,,,,0.14,,0.13,0.04,,0.05,,0.12,0.07,,,,,,,,,0.12,0.07,,,,,,,,,,,,,,,,,,,,,,,,,,,,,,,,,,,,,,,,,,,,,,,,,,,,,,,,,,,,,,,,,,,,,0.04,,,,0.02,,,,0.02,0.03,,,,,,0.03,,,,,,,,,0.01,,,,,,,,,,,0.06,,0.1,,,,,,,0.06,,0.06,,,,0.05,,,,,0.09,,,,,,,,,,1.11,0.19,0.39,29.27,,0.25,0.16,0.59,0.5,0.17,0.07,0.27,2.8,,0.85,0.43,,,,,,,,,,,,,,,,,,,,,,,,,,,,,,0.05,,,,,,,,,,,,,,,,,,,,,,,,,,0.07,,,
怒江傈僳族自治州,,,,,,,,,,,,,,,,,,,,,,,,,,0.27,,,,,,,,,,,,,,,,,,,,,,,,,,,,,,,,,,,,,,,,,,,,,,,,,,,,,,,,,,,,,,,,,,,,,,,,,,,,,,,,,,,,,,,,,,,,,,,,,,,,,,,,,,,,,,,,,,,,,,,,,,,,,,,,,,,,,,,,,,,,,,,,,,,,,,,,,,,,,,,,,,,,,,,,,,,,,,,,,,,,,,,,,,,,,,,,,,,,,,,,,,,,,,,,,,,,,,,,,,,,,,,,,,,,,,,,,,,,,,,0.07,0.07,,,,,,,,,,,,,,,,0.04,,,,,,,,,,,,0.62,0.12,0.06,4.72,0.07,1.74,0.05,0.29,0.33,0.07,,,6.44,0.67,,7.05,,,,,,,,,,,,,,,,,,,,,,,,,,,,,,,,,,,,,,,,,,,,,,,,,,,,,,,,,,,
迪庆藏族自治州,,,,,,,,,,,,,,,,,,,,,,,0.16,,,4.84,,,,,,,,,,,,,,,,,,,,,,,,,,,,,,,,,,,,,,,,,,,,,,,,,,,,,,,,,,,,,,,,,,,,,,,,,,,,,,,,,,,,,,,,,,,,,,,,,,,,,,,,,,,,,,,,,,,,,,,,,,,,,,,,,,,,,,,,,,,,,,,,,,,,,,,,,,,,,,,,,,,,,,,,,,,,,,,,,,,,,,,,,,,,,,,,,,,,,,,,,,,,,,,,,,,,,,,,,,,,,,,,,,,,,,,,,,,,,,,0.09,0.12,,,,,0.07,,,,,,,,,,,,8.97,0.07,,,,,,,,,,0.39,0.07,0.04,0.16,,15.96,0.09,0.06,0.22,,,,3.23,,5.36,,0.07,,,,,,,,,,,,,,,,,,,,,,,,,,,,,,,,,,,,,,,,,,,,,,,,,,,,,,,,,,
拉萨市,,,,,,,,,,,,,,,,,,,,,,,0.37,,,,,0.4,2.77,,,,,,,,,,,,,,,,,,,,0.04,,,,,,,,,,,,0.03,,,,,,,,,,,,,,,,,,,,,,,,,,,,,,,,,,,,,,,,,,,,,,,,,,,,,,,,,,,,,,,,,,,,,,,,,,,,,,,,,,,,,,,,,,,,,,,,,,,,,,,,,,,,,,,,,,,,,,,,,,,,,,,,,,,,,,,,,,,,,,,,,,,,,,,,,,,,,,,,,,,,,,,,,,,,,,,,,,,,,,,,,,,,,,,,,,,,,,,,,,,0.4,0.08,0.02,,0.13,0.25,,0.35,0.06,0.08,0.1,0.12,0.07,,,,,0.06,,0.23,0.03,,,,,,,,,,,,,,,0.1,,,,,,,0.03,,,0.32,,,,,,20.89,,,,,,0.05,,,,,0.05,0.15,0.05,,0.16,,0.35,0.34,0.06,0.06,,0.05,,0.5,0.21,0.33,,0.05,,,,,3.38,,,,,0.1,,,,,,,,,,,,,,,
昌都地区,,,,,,,,,,,,,,,,,,,,,,,,,,,,,,,,,,,,,,,,,,,,,,,,,,,,,,,,,,,,,,,,,,,,,,,,,,,,,,,,,,,,,,,,,,,,,,,,,,,,,,,,,,,,,,,,,,,,,,,,,,,,,,,,,,,,,,,,,,,,,,,,,,,,,,,,,,,,,,,,,,,,,,,,,,,,,,,,,,,,,,,,,,,,,,,,,,,,,,,,,,,,,,,,,,,,,,,,,,,,,,,,,,,,,,,,,,,,,,,,,,,,,,,,,,,,,,,,,,,,,,,,,,,,,,,,,,,,,,,,,,,,,,,,,,,,,,,,,,,,,,,,,,,,,,,,,,,,,,,,,,,,,,,,,,,,,,,,,,,,,,,,,,,,,,,,,,,,,,,,,,,,,,,,
山南地区,,,,,,,,,,,,,,,,,,,,,,,,,,,,,,,,,,,,,,,,,,,,,,,,,,,,,,,,,,,,,,,,,,,,,,,,,,,,,,,,,,,,,,,,,,,,,,,,,,,,,,,,,,,,,,,,,,,,,,,,,,,,,,,,,,,,,,,,,,,,,,,,,,,,,,,,,,,,,,,,,,,,,,,,,,,,,,,,,,,,,,,,,,,,,,,,,,,,,,,,,,,,,,,,,,,,,,,,,,,,,,,,,,,,,,,,,,,,,,,,,,,,,,,,,,,,,,,,,,,,,,,,,,,,,,,,,,,,,,,,,,,,,,,,,,,,,,,,,,,,,,,,,,,,,,,,,,,,,,,,,,,,,,,,,,,,,,,,,,,,,,,,,,,,,,,,,,,,,,,,,,,,,,,,
日喀则地区,,,,,,,,,,,,,,,,,,,,,,,,,,,,,,,,,,,,,,,,,,,,,,,,,,,,,,,,,,,,,,,,,,,,,,,,,,,,,,,,,,,,,,,,,,,,,,,,,,,,,,,,,,,,,,,,,,,,,,,,,,,,,,,,,,,,,,,,,,,,,,,,,,,,,,,,,,,,,,,,,,,,,,,,,,,,,,,,,,,,,,,,,,,,,,,,,,,,,,,,,,,,,,,,,,,,,,,,,,,,,,,,,,,,,,,,,,,,,,,,,,,,,,,,,,,,,,,,,,,,,,,,,,,,,,,,,,,,,,,,,,,,,,,,,,,,,,,,,,,,,,,,,,,,,,,,,,,,,,,,,,,,,,,,,,,,,,,,,,,,,,,,,,,,,,,,,,,,,,,,,,,,,,,,
那曲地区,,,,,,,,,,,,,,,,,,,,,,,,,,,,,,,,,,,,,,,,,,,,,,,,,,,,,,,,,,,,,,,,,,,,,,,,,,,,,,,,,,,,,,,,,,,,,,,,,,,,,,,,,,,,,,,,,,,,,,,,,,,,,,,,,,,,,,,,,,,,,,,,,,,,,,,,,,,,,,,,,,,,,,,,,,,,,,,,,,,,,,,,,,,,,,,,,,,,,,,,,,,,,,,,,,,,,,,,,,,,,,,,,,,,,,,,,,,,,,,,,,,,,,,,,,,,,,,,,,,,,,,,,,,,,,,,,,,,,,,,,,,,,,,,,,,,,,,,,,,,,,,,,,,,,,,,,,,,,,,,,,,,,,,,,,,,,,,,,,,,,,,,,,,,,,,,,,,,,,,,,,,,,,,,
阿里地区,,,,,,,,,,,,,,,,,,,,,,,,,,,,,,,,,,,,,,,,,,,,,,,,,,,,,,,,,,,,,,,,,,,,,,,,,,,,,,,,,,,,,,,,,,,,,,,,,,,,,,,,,,,,,,,,,,,,,,,,,,,,,,,,,,,,,,,,,,,,,,,,,,,,,,,,,,,,,,,,,,,,,,,,,,,,,,,,,,,,,,,,,,,,,,,,,,,,,,,,,,,,,,,,,,,,,,,,,,,,,,,,,,,,,,,,,,,,,,,,,,,,,,,,,,,,,,,,,,,,,,,,,,,,,,,,,,,,,,,,,,,,,,,,,,,,,,,,,,,,,,,,,,,,,,0.81,,,,,,,,,,,,,,,,,,,,,,,,,,,,,,,,,,,,,,,,,,,,,,,,,,,,,,,,,,
林芝地区,,,,,,,,,,,,,,,,,,,,,,,,,,,,,,,,,,,,,,,,,,,,,,,,,,,,,,,,,,,,,,,,,,,,,,,,,,,,,,,,,,,,,,,,,,,,,,,,,,,,,,,,,,,,,,,,,,,,,,,,,,,,,,,,,,,,,,,,,,,,,,,,,,,,,,,,,,,,,,,,,,,,,,,,,,,,,,,,,,,,,,,,,,,,,,,,,,,,,,,,,,,,,,,,,,,,,,,,,,,,,,,,,,,,,,,,,,,,,,,,,,,,,,,,,,,,,,,,,,,,,,,,,,,,,,,,,,,,,,,,,,,,,,,,,,,,,,,,,,,,,,,,,,,,,,,,,,,,,,,,,,,,,,,,,,,,,,,,,,,,,,,,,,,,,,,,,,,,,,,,,,,,,,,,
西安市,0.7,0.25,1.07,5.26,0.9,0.73,0.39,0.31,0.31,0.8,0.95,0.49,1.85,0.34,1.02,2.51,0.48,0.36,0.58,0.11,1.69,0.62,1.72,0.14,0.31,0.82,,15.72,2.2,3.89,4.05,0.58,0.29,0.33,0.87,1.51,0.65,0.33,0.48,0.86,0.26,0.63,0.58,0.77,0.77,0.67,1.31,0.57,0.95,9.06,0.71,2.78,1.25,0.73,0.54,0.3,0.24,0.09,0.39,0.12,0.47,0.26,0.06,0.07,0.26,0.2,0.7,0.12,0.18,0.2,0.21,0.12,0.06,0.09,0.09,0.08,0.06,0.25,0.25,0.13,0.13,0.11,0.13,0.26,,0.13,0.1,0.35,0.26,0.21,,0.08,0.09,0.12,0.19,0.05,0.18,0.12,0.05,0.07,0.31,0.14,0.17,0.95,0.2,0.16,0.46,0.25,0.2,0.37,0.68,0.1,0.27,0.14,0.23,0.29,0.94,0.1,0.04,0.29,0.52,0.19,0.09,0.78,0.22,0.25,0.26,0.26,0.19,0.19,0.11,0.17,0.39,0.03,0.13,0.31,0.83,0.19,0.27,0.17,0.21,0.6,0.12,0.99,0.19,1.34,0.18,0.35,0.2,1.26,0.85,0.09,,0.22,0.16,0.35,0.07,0.27,0.27,0.29,0.11,0.2,0.32,0.19,0.25,0.31,0.28,0.29,0.54,0.18,0.53,0.15,0.16,0.27,0.26,0.4,0.23,1.02,1.18,1.41,2.76,0.75,0.97,0.62,1.34,1.68,0.77,2.14,0.92,6.46,1.83,1.14,0.7,1.12,0.9,0.88,0.09,0.06,0.5,0.24,0.18,,0.04,,0.08,0.02,0.33,,,0.88,0.19,0.18,0.05,0.21,0.18,0.17,0.29,0.08,0.28,0.11,0.04,0.1,0.47,,0.08,0.11,0.16,0.13,0.17,0.02,0.05,0.06,0.04,0.03,0.04,0.07,,0.03,0.04,0.1,0.06,0.02,0.13,0.12,0.01,0.07,0.04,0.09,0.05,0.47,0.1,0.02,0.01,0.03,,,0.03,0.04,0.02,0.13,0.88,,0.88,0.66,0.48,0.1,0.21,0.31,0.83,2.18,0.74,0.33,0.44,1.42,0.34,0.26,0.29,0.69,0.26,2.99,0.35,0.13,0.04,0.11,0.08,0.05,0.13,0.04,0.04,0.07,0.88,0.88,0.88,0.13,0.09,0.14,0.03,0.08,,0.05,0.23,0.02,,,0.44,0.04,0.35,,,0.3,,,,,,,,44.12,48.45,71.93,57.38,30.93,26.08,12.91,33.1,70.55,1.71,0.5,1.63,2.86,9.52,2.43,1.71,14.65,1.32,21.2,2.44,3.88,0.54,0.31,0.61,,,0.06,0.04,,0.22,0.3,1.35,0.58,0.67,2.77,1.39,2.22,0.88,,,0.79,0.88,0.46,0.57,0.88,0.88,0.88,0.84,0.88,0.88,0.88
铜川市,,,,,,,,,,,,,,,,,,,,,,,,,,,,0.13,,,,,,,,,,,,,,,,,,,,,,,,,,,,,,,,,,,,,,,,,,,,,,,,,,,,,,,,,,,0.04,,,,,,,,,,,,,,,,,,,,,,,,,,,,,,,,,,,,,,,,,,,,,,,,,,,,,,,,,,,,,,,,,,,,,,,,,,,,,,,,,,,,,,,,,,,,,,,,,,,,,,,0.4,,,,,,,,,,,,,,0.06,,,,,,,,,,,,,,,,,,,,,,,,,,,,,,,,,,,,,,,,,,,,,,,,,,,,,,,,,,,,,,,,,,,,,,,,,,,,,,,,,,,,,,,,,,,,,,,,,,,,,,,,,,,,,,,,,2.29,,0.37,1.39,3.42,3.95,0.3,0.64,0.29,0.37,,,,,,,,0.11,,0.19,,,,,,,,,,,,,,0.05,0.02,0.04,,,,,,0.04,,,,,,,,,,
宝鸡市,0.23,,,0.26,,,,,,,,,,,,0.16,,,,,,,0.17,,,,,3.86,0.39,0.72,,,0.07,,,,,0.06,,,,,,0.04,,,,0.03,0.05,0.34,,0.3,0.04,,0.03,0.05,,,,,,0.03,,0.07,,,,,,,,,,,,,,0.05,,,,,,,,,,,,,,,,,,,,,,,,,,,,,,,0.04,,,,,,,,,,,,,,,,,,,,,,,,,,,,,,,,,,,,,,,,,,,,,,,,,,,,,0.05,,,,0.37,,,,,,,,,,,,,,,0.22,,0.12,,,0.11,,,,0.44,0.18,,,,,,,,0.18,,,,,,,,,,,,,,,,,,,,,,,,,,,,,,,,,,,,,0.02,,,,,,,,,,,,,,,,,,,,,,,,,,,,0.07,,0.02,,0.07,0.08,0.25,,,0.06,0.09,0.05,,,,,0.34,,,,0.04,,,,,,,,,,,,,,,,,,,,,,,,,,,,,,,,,6.34,0.77,,5.01,1.0,0.61,2.72,0.54,1.28,1.45,0.25,,0.05,0.24,5.16,0.3,,4.33,0.04,0.5,0.35,3.62,0.06,0.1,0.07,,,,,,,0.16,0.16,0.17,0.08,0.68,0.33,,,,,,,,,,,,0.07,,,
咸阳市,0.16,0.12,0.17,0.71,0.16,0.17,0.11,0.11,0.1,0.21,0.19,0.09,,0.07,0.21,0.42,0.16,,0.2,,0.35,,0.37,,,0.82,,5.89,1.19,1.36,0.9,,,0.09,0.2,0.24,0.09,0.06,0.05,,0.05,0.09,0.1,0.13,0.08,0.11,0.31,0.09,0.12,1.15,0.09,0.46,0.07,0.04,0.19,0.03,0.05,,0.08,0.06,0.07,0.03,,,0.03,,0.21,,,,0.09,,0.05,,,,,,0.16,0.04,,0.03,0.08,,,,,0.1,0.11,,,,,0.06,,,,,,,,0.05,0.08,0.22,,0.08,0.08,,0.06,0.11,0.08,,,0.07,,,,,,0.07,0.14,,0.04,0.21,,0.07,,,,0.04,0.08,,,,0.05,,0.1,0.05,0.06,,,0.11,,0.14,,,,,,,0.18,,,,,,,0.1,,,,0.07,0.09,,0.13,0.16,,,,,,0.03,,0.1,,,,0.17,0.21,0.09,0.36,0.19,0.22,,0.29,0.26,0.1,0.19,0.13,1.49,0.4,0.19,0.07,0.11,0.27,0.75,,,0.12,,,,,,0.02,0.17,0.06,,,0.75,,,,,,,0.11,,0.04,0.06,,,,,,,0.07,0.04,,,,,,,0.03,0.01,,,0.04,,0.04,,,,0.01,0.04,,,,0.07,0.06,,,,,0.03,0.03,,,0.05,0.75,,0.75,0.09,,0.07,0.1,0.07,0.17,0.57,0.08,,0.08,0.32,0.06,0.11,0.09,0.23,,0.55,,0.18,,0.05,,,,,,0.07,0.75,0.75,0.75,0.04,,,,,0.03,,,0.04,,,0.11,,0.11,,,0.23,,,,,,,41.23,12.46,15.5,,6.26,4.07,4.97,1.54,5.0,4.78,0.38,0.08,0.25,0.42,2.35,0.18,0.68,7.68,0.11,10.37,0.49,1.02,0.08,0.1,0.28,,,,,,0.67,0.16,0.37,0.17,0.33,1.29,0.35,0.44,0.75,,,0.29,0.75,0.13,0.21,0.75,0.75,0.75,0.15,0.75,0.75,0.75
渭南市,0.43,0.1,0.17,2.78,0.1,,,,,0.16,,0.06,,,0.26,0.33,,,,,,,0.29,,,0.18,,0.71,0.57,0.2,0.29,0.15,,0.07,0.15,0.08,0.16,0.12,,0.11,,0.08,0.11,0.1,0.08,0.18,0.9,0.13,0.16,6.35,0.14,1.49,0.17,,0.04,0.1,,,0.05,,,0.05,,,0.06,,,,,,,,,0.04,,0.02,,,,,,,,,,,,0.15,,0.07,,,,,,,,,,,,,,0.17,,0.12,,,,,0.06,,,,,,,,,,,,,,,,0.06,,0.04,,,,,,,,0.08,,,,0.1,,,,,,,,,,,,,,,,,,,,,0.06,0.12,,,0.33,0.12,,0.11,0.07,,0.16,,,,0.1,0.05,0.18,0.15,0.2,0.27,0.2,0.18,0.17,0.26,0.14,0.2,0.16,,3.01,,,,,,0.5,,,,,0.07,,0.08,,,,,0.1,0.02,0.5,,,,,,,,,,0.05,,,,,,,,,,,,,,,,,,,,,,,,,,0.03,,,,,,,,,,,,,0.01,,0.5,,0.5,0.08,,0.02,,0.07,0.25,0.31,0.11,0.05,0.11,0.22,0.14,0.12,,0.1,,0.37,0.06,,,,,,,,,,0.5,0.5,0.5,,,,,,,0.03,,,,,0.06,,0.09,,,0.03,,,,,,,13.85,17.7,1.67,2.98,,6.25,1.29,1.1,1.38,2.76,0.22,,0.05,0.09,0.42,0.05,0.18,0.39,,0.51,0.16,0.47,0.11,0.1,0.17,,,,,,,0.2,0.04,0.1,0.05,0.12,0.08,0.25,0.5,,,,0.5,,,0.5,0.5,0.5,,0.5,0.5,0.5
延安市,,,,2.1,0.56,,,,,,,,,,,0.19,,,,,,,,,,,,1.58,0.15,2.31,0.15,,,,0.18,,,,0.05,,,,,,0.3,0.39,,0.02,0.17,1.78,0.08,3.99,0.74,0.09,0.17,0.43,,,0.5,,0.56,0.02,,0.07,0.77,,,,0.06,,,,,0.07,,0.02,,0.07,,,,,0.1,,0.1,,,,,,,,,,,,,,,,,,,,,,,,,,,,,,,,,,,,,,,,,,,,,,,,,,,0.07,,,0.04,,,,,,,,,,,,,,,,,,,,,,,,,,,,,0.06,0.1,,,,,0.07,,,,0.18,,0.09,0.19,,,,0.15,0.22,0.15,0.08,,0.46,0.18,,,0.08,,,,,0.06,,,,0.04,,,,,0.2,,,,,,,,,,,,,,,0.09,,,,,,,,,,,,,,,,,,,,,,,,,,,,,,,,,,,,,,,,,,,,,,,,0.06,,,,,,,,,,,,,,,,,,,,,,,,,,,,,,,,,,0.06,,,,,,,,,,,,3.88,7.87,0.8,0.89,3.36,,0.42,14.53,0.61,0.45,0.05,,,0.26,0.15,0.09,0.06,0.35,0.04,5.33,0.06,,,,0.02,,,,,,,0.2,1.27,0.63,0.77,0.07,0.29,,,,,0.12,,0.06,,,,,,,,
汉中市,0.19,,,0.3,,,,,,,,,,,0.16,,,,,,,,1.05,,,,,1.42,0.23,0.1,0.22,,,0.06,,0.1,0.11,,0.05,,,,0.11,,0.04,0.1,0.07,0.05,0.08,0.29,0.08,0.21,0.05,,0.04,,,0.04,0.07,,,,,,,,,,,0.05,,,,,,,,,,,,,,,0.2,,,,,,,,,,,,,,,,,,0.07,,,,,,,,,,0.04,,,,,,,,,,,0.11,,,0.05,,,,,,,,,,0.05,,,,,,,0.19,,0.08,,,,,,,,,,,,,,,,0.05,,,0.12,0.23,,,,,,0.03,0.03,,,0.08,,,0.12,0.07,0.18,,,,,0.12,,,,0.25,,0.1,,,,,,,0.12,,,,,,,,,,,,,,,,,,,,,,,,,,,,,,,,,,,,,,,,,,,,,,,,,,,,,,,,0.02,,,,0.02,,,,,0.38,0.08,0.05,,0.28,0.67,2.96,0.17,0.06,0.25,0.36,0.12,0.11,,0.53,0.19,2.15,0.09,0.04,,0.1,,,,,,,,,,,,0.02,,0.07,,,0.05,,,,,,,,,0.03,,,,,,,2.02,0.65,2.26,0.87,0.63,0.29,,0.42,5.44,0.48,0.17,,,,0.18,0.07,,0.21,,0.17,0.16,5.24,0.06,0.05,0.08,,,,,,,0.03,,,0.07,,0.06,,,,,0.08,,0.13,,,,,0.15,,,
榆林市,0.2,0.24,1.32,10.6,13.4,0.32,0.13,0.17,,,,0.08,,,0.8,0.3,,,,,,,,,,0.27,,2.48,1.52,9.99,0.27,2.7,0.2,,0.95,1.1,0.55,0.29,0.48,0.63,0.11,0.31,0.92,1.82,5.23,1.06,1.62,1.27,1.56,1.31,11.97,2.28,15.7,0.8,2.29,1.65,0.31,0.07,23.57,0.67,1.11,0.7,,0.03,1.2,,,0.08,0.06,0.12,,0.05,0.15,0.09,,0.28,0.04,0.31,0.07,0.04,,0.03,0.18,,,,0.08,0.1,0.18,,,,,0.2,0.13,,0.18,,,,,,,0.12,,,,0.06,,,0.06,,0.05,,,,,,,,,0.06,,,,,,,0.27,,0.09,,,,,0.12,0.06,,,,,,,,,,,,,,,,,,,,,,,,,0.06,0.08,0.33,0.21,0.51,0.11,0.18,0.53,0.81,,0.11,0.53,0.34,0.13,0.63,0.37,0.18,0.09,0.09,0.25,,0.5,0.11,0.2,0.59,0.25,0.15,,0.48,0.27,0.13,,,,,,,,0.14,,,0.04,,,,,,0.05,,,,,,,,,,,,,,,,,,,,,,,,,,,,,,,,,,,,0.01,,,,,,,,,,,,,,,,,,,,,0.02,,,,0.14,,,,,,,0.11,,,0.1,,0.04,,,,,,,,,,,,,,,,,,,,,,,0.06,,,,,0.07,,,,,,,2.84,3.62,0.92,0.84,1.64,29.2,0.58,,1.03,0.72,0.4,0.14,0.56,0.61,0.23,0.6,0.74,0.97,0.31,5.65,0.37,0.12,0.17,0.05,0.19,,0.31,,0.19,,,1.38,4.21,1.3,6.23,0.46,1.18,,,,,0.08,,,,,,,0.23,,,
安康市,0.19,,,0.21,,,,,,,,,,,,,3.61,,,,,0.31,0.4,,,,,0.13,,,,,,,,0.1,,,,,,,0.04,0.03,,,,,0.07,0.31,0.05,0.12,,,0.05,0.03,,,0.03,,0.03,,,,,,,,,,,,,,,,,,,,,,,,0.05,,,,,,,,,,,,0.09,,,,,,,,0.05,,0.08,0.08,,,,,0.05,,,0.12,,,0.04,,,0.05,,,,,,,,,,,,0.05,,,,,,,,,,,0.04,,,,,,,,,,,,,,,,,,,,,,,0.07,,,,,,,0.05,,,,0.07,,0.13,,,,,,,,,0.21,0.19,,0.06,,,,0.02,,17.25,0.07,0.9,,0.08,,,,0.06,,,,,,,,,,,,,,,,,,,,,,0.03,,,,,,,,,,,,,,,,,,,,,,0.08,,,,,,,,,,,,,0.13,0.12,,0.07,0.05,0.2,0.29,0.16,0.07,0.08,0.15,0.04,,0.12,0.72,0.09,0.25,0.1,0.04,,0.03,,,,,,,,,,,,,,,,,,,,,0.09,,,,,,,,,,,,2.36,0.82,0.76,0.5,0.52,0.23,5.8,0.23,,1.92,0.04,,,,0.07,,,0.05,,0.07,,0.17,,,,,,,,,,,,,,0.07,,,,,,,,,,,,,,,,
商洛市,,,,,,,,,,,,,,,,0.17,0.62,,,,,0.35,0.54,,,,,0.28,,0.12,,,,,,,,,,,,,,,,0.08,0.11,,,0.18,,,,,0.04,0.03,,,0.04,,,,,,,,,,,,,,,,,,,,,,,,,,,,,,,,,,,,,,,,,,,,0.05,,,,,,,,,,,,,,,,,,,,,,0.06,,,,,,,,,,,,,,,,,,,,,,,,,,,,,,,,,,,,,,,,,,,,,,,,,,,,,,,,,,,,,0.12,,,,0.86,0.62,,,,,,0.02,,2.65,,,,0.25,,,,,0.1,,,,,,,,,,,,,,,,,,,,,,,,,,,,,,,,,,,,,,,,,,,,,,,,,,,,,,,,,,,,0.07,0.43,0.33,0.15,,,0.24,0.04,,0.11,1.38,,0.71,0.13,0.23,,,,,,,,,,,,,,,,,,,,,,,,,,,,,,,,,,,5.55,0.63,0.86,0.87,1.13,0.67,1.29,0.28,4.55,,,,,0.13,0.13,,,0.16,,0.3,0.12,0.15,0.05,,,,,,,,,,,0.07,0.05,0.07,0.04,,,,,0.08,,,,,,,,,,
兰州市,,0.11,0.28,0.26,0.4,0.2,0.1,,0.28,0.19,0.22,0.06,0.3,0.09,0.25,0.28,0.11,,0.19,,0.82,,0.33,,,1.09,1.58,,24.53,3.88,3.6,0.19,,0.21,0.16,0.33,0.16,0.26,,0.3,0.07,0.1,0.05,0.09,,,,0.03,,0.27,0.05,0.1,0.23,0.24,0.24,0.25,,,0.06,,0.43,0.03,,,1.1,0.08,,0.03,0.13,0.07,,0.05,,,0.12,0.02,,,,,,,0.08,0.15,,,,,,0.1,0.12,,0.04,,0.06,,,,0.05,,,0.07,,,0.04,0.12,0.11,0.05,,0.05,0.18,0.07,0.12,,0.05,,0.24,,,,0.12,0.09,0.04,0.17,,0.06,,0.04,,,,0.1,0.07,,,,0.06,,,0.1,,0.25,0.09,0.32,,,,0.06,,,0.23,,0.06,,,0.1,0.04,,,0.07,,0.04,0.12,0.07,,,,0.07,0.12,0.06,,,0.03,,0.07,0.16,,0.22,0.15,0.22,0.26,0.09,0.24,,0.21,,0.1,0.21,,0.12,0.15,0.1,,0.1,0.32,,0.04,,,0.07,0.03,0.09,,,0.05,,0.06,,,,0.05,0.08,,,,,,,0.03,,,,0.1,,0.05,,,0.05,,,,,,,,,,,,,,,0.03,0.02,,,,,,0.11,0.21,,,,,,,,,0.13,,,,0.19,0.07,0.05,,0.06,0.16,0.48,0.24,0.07,,0.3,0.08,0.11,,,,0.18,,,,,,,,,,,,,,0.05,,,0.03,,,,,,,,0.27,0.03,0.11,,,0.42,,,,,,,0.71,0.14,0.48,0.31,0.29,0.2,0.51,0.5,0.46,0.19,,3.38,15.65,46.76,21.34,31.71,19.3,14.29,9.02,7.09,38.13,10.87,46.42,17.85,2.65,,0.89,0.48,0.33,,,1.72,1.55,0.35,0.66,1.58,2.12,1.28,,,,0.41,,1.65,1.29,,,,0.61,,,
嘉峪关市,,,,,0.13,,,,,,,,,,,,,,,,,,,,,,,,0.33,,0.56,,,,,,,,,,,,,,,,,0.02,,,,,0.05,,,0.2,,,,,0.09,,,,0.97,,,,,,,,,,,,,,,,,,,,,,0.04,,,,,,,,,,,,,,,,,,,,,,,,,,,,,,,,,,,,,,,,,,,,,,,,,,,,,,,,,,,,,,,,,,,,,,,,,,,,,,,,,,,,,,,,,,,,,,,,,,,,,,,,,,,,,,,,,,,,,,,,,,,,,,,,,,,,,,,,,,,,,,,,,,,,,,,,,,,,,,,,,,,,,,,,,,,,,,,,,,,,,,,,,,,,,,,,,,,0.13,,,,,,,,,,,,,,,,,,,,,,,,,,,,,,,,,,,,0.06,,,,,,,,,0.83,,0.96,0.25,0.23,1.83,11.1,0.22,48.75,0.17,0.16,,0.11,,0.08,,0.21,,,,,0.1,,0.07,,0.02,,0.16,,,,,,,,,,,0.07,,,
金昌市,,,,,0.2,,,,,,,,,,,,,,,,,,,,,0.18,,,0.47,0.42,0.24,,,,,,,,,,,,,,,,,,,,,,,,,0.01,,,,,0.09,,,,1.91,,,,,,,,,,,,,,,,,,,,,,,,,,,,,,,,,,,,,,,,,,,,,,,,,,,,,,,,,,,,,,,,,,,,,,,,,,,,,,,,,,,,,,,,,,,,,,,,,,,,,,,,,,,,,,,,,,,,,,,,,,,,,,,,,,,,,,,0.03,,,,,,,,,,,,,,,,,,,,,,,,,,,,,,,,,,,,,,,,,,,,,,,,,,,0.06,,,,,,,,,,,,,,,,,,,,0.06,,,,,,,,,,,,,,,,,,,,,,,,,,,,,,,,,,,,,,,,,,,,,,,,,,,,,0.11,,,1.54,0.74,,0.36,0.14,16.0,5.72,0.13,0.83,,0.21,0.06,0.34,0.15,0.08,,,,,,,0.5,0.1,0.05,0.07,,0.54,,,,,0.16,,,,,,,0.07,,,
白银市,,,,,0.8,,,,,,,,,,,,,,,,,,,,,0.18,0.32,,1.33,6.14,0.51,,,,,,,0.05,,,,,,,,,,,,,,,0.09,0.07,0.17,0.1,,,0.13,,0.14,,,,7.33,,,,,,,,,,,,,,,,,,,,,,,,,,,,,,,,,,,,,,,,,,,,,,,,,,,,,,,,,,,,,,,,,,,,,,,,,,,,,,,,,,,,,,,,,,,,,,,,,,,,,,,,,,,,,,,,,,,,,,,,,,,,,,,,,,,,,,,,,,,,,,,,,,,,,,,,,,,,,,,,,,,,,,,,,,,,,,,,,,,,,,,,,,,,,,,,,,,,,,,,,,,,,,,,,,,,,,,,,0.09,,,,,,,,,,,,,,,,,,,,,,,,,,,,0.07,,,,,,,0.1,0.08,0.06,0.04,,0.1,,0.3,,0.05,13.56,0.2,1.63,,1.14,2.75,1.36,2.68,0.58,0.3,4.9,0.58,1.37,0.42,0.17,,0.26,,0.09,,0.44,1.01,0.72,0.56,0.69,2.29,8.25,0.22,,,,,,0.06,0.07,,,,,,,
天水市,0.5,,,,,,,,0.1,,,,,,,,0.13,,,,,,,,,0.91,1.88,,1.34,0.95,2.11,,,,,,,,,,,,,0.04,,,,,,0.12,,0.07,,0.04,0.05,0.03,,,,,0.12,,,0.18,0.1,,,,,,,,,,,,,,,,,,,,,,,0.2,,,,,,,,,,,,,,,,,,0.12,,,,,,0.03,,,,,,,,,,,,,,,,,,,,,,,,,,,,,,,,,,,,,,,,,,,,,,,,,,,,,,,,,,,,,,,,,,,,,,,,,,0.1,,,,0.13,,,,,,,,,0.44,,0.07,,,,,,,,0.02,,,,,,,,,,,,,,,0.04,,,,,,,,,,,,,,,,,,,,,,,,,,,,,,,,,,,,,,,,,,,,0.04,0.09,,,,0.07,0.09,,,,,,,,0.04,,,,,,,,,,,,,,0.02,,,,,,,,,,,,,0.16,0.07,,,,,,,0.65,0.08,3.31,0.27,0.17,,0.15,0.06,0.14,0.08,6.87,0.29,0.76,1.81,,1.15,1.02,9.88,0.47,0.67,11.27,25.78,1.18,1.0,0.31,,0.1,0.06,0.09,,,0.37,0.26,0.12,0.15,0.99,0.25,2.0,,,,0.08,,0.26,,,,,0.23,,,
武威市,,,,,0.62,,,,,,,,,,,,,,,,,,,,,0.27,,,4.5,1.28,1.73,,,,,,,,,,,,,,,,,0.02,,,,,,0.04,0.06,0.1,,,0.06,,0.23,,,,5.99,,,,,,,,,,,,,,,,,,,,,,,,,,,,,,,,,,,,,,,,,,,,,,,,,,,,,,,,,,,,,,,,,,,,,,,,,,,,,,,,,,,,,,,,,,,,,,,,,,,,,,,,,,,,,,,,,,,,,,,,,,,,,,,,,,,,,,,,,,,,,,,,,,,,,,,,,,,,,,,,,,,,,,,,,,,,,0.02,,,,,,,,,,,,,,,,,,,,,,,,,,,,,,,,,,,,,,,,,,,,0.04,,,,,,,,,,,,,,,,,,,,,,,,,,,,0.11,,,,,,,0.07,,,,,0.05,,0.06,,,6.47,2.11,46.25,2.91,0.78,,8.89,0.34,3.08,0.48,0.55,0.45,1.53,0.95,0.35,,0.89,,0.19,,,0.27,0.45,0.2,0.37,0.04,0.95,0.86,,,,0.41,,0.26,0.36,,,,0.23,,,
张掖市,,,,,0.18,,,,,,,,,,,,,,,,,,,,,0.18,,,4.49,0.58,2.29,,,,,,,,,,,,,,,,,,,,,,0.08,,0.05,0.05,,,,,0.09,,,,1.5,,,,,,,,,,,,,,,,,,,,,,,,,,,,,,,,,,,,,,,,,,,,,,,,,,,,,,,,,,,,,,,,,,,,,,,,,,,,,,,,,,,,,,,,,,,,,,,,,,,,,,,,,,,,0.03,,,,,,,,,,,,,,,,,,,,,,,,,,,,,,,,,,,,,,,,,,,,,,,,,,,,,,,,,,,,,,,,,,,,,,,,,,,,,,,,,,,,,,,,,,,,,,,,,,,,,,,,,,,,,,,,,,,,,,,,,,,,,,,,,,,,,,,,,0.07,,,,,,,0.06,,,,,,,,,0.03,2.52,11.35,10.65,0.75,0.24,5.9,,0.39,11.84,0.09,0.41,0.37,0.71,0.1,0.67,,8.19,,,,,0.33,0.3,0.1,0.15,,0.22,0.72,,,,0.29,,0.66,0.43,,,,0.15,,,
平凉市,,,,,0.12,,,,,,,,,,,,,,,,,,,,,,1.9,,0.98,7.4,0.58,,,,,,,,,,,,,,,,,,,0.17,,,,,,0.09,,,0.11,,0.12,,,,0.26,,,,,,,,,,,,,,,,,,,,,,,,,,,,,,,,,,,,,,,,,,,,,,,,,,,,,,,,,,,0.24,,,,,,,,,,,,,,,,,,,,,,,,,,,,,,,,,,,,,,,,,,,,,,,,,,,,,,,,0.07,,,,,,,,,,,,,,,0.09,,,,,0.1,,,,,0.05,,,,,,,,,,,,,,,,,,,,,,,,,,,,,,,,,,,,,,,,,,,,,,0.1,,,,,,,,,,,,,,,,,,,,,,,,,,,,,,,,,,,,,,,,,,,,,0.01,,,,,,,,,,,,,,0.03,,,,,,,0.53,0.1,2.03,1.01,0.09,0.08,0.12,0.07,,0.07,3.47,0.05,0.5,3.02,6.85,0.6,1.21,,0.29,10.18,2.19,0.94,0.25,0.1,0.28,,0.1,,0.09,,,0.27,1.14,0.2,0.28,14.06,0.83,0.33,,,,0.12,,,0.14,,,,0.07,,,
酒泉市,,,,,0.37,,,,,,,,,,,,,,,,,,,,,,0.26,,2.63,0.59,15.38,,,,,,,,,,,,,,,,,,,,,,0.13,0.04,0.03,0.05,,,0.02,,,0.03,,,3.75,,,,,,,,,,,,,0.04,,,,,,,,,,,,,,,,,,,,,,,,,,,,,,,,,,,,,,,,,,,,,,,,,,,,,,,,,,,,,,,,,,,,,,,,,,,,,,,,,,,,,,,,,,,,,,,,,,,,,,,,,,,,,,,,0.11,,,,,,,,,,,,,,,,,,,,,,,,,,,,,,,,,,,,,,,,,,,,,,,,,,,,,,,,,,,,,,,,,,,,,,,,,,,,,,0.08,,,,,,,0.05,,,,,0.11,,,,,,,,,,,,,,,,,,,,,,,,,,,0.05,,,,,,,,,,0.15,,0.06,0.07,0.05,,,,,,1.72,75.28,2.85,0.84,0.34,3.96,17.25,0.37,,0.19,0.66,0.35,0.96,0.42,0.21,,0.21,,0.09,,,3.55,0.09,,0.1,0.14,0.77,1.55,,,,1.12,,2.05,1.36,,,,0.15,,,
庆阳市,,0.09,,0.13,0.22,,,,,,,,,,,,,,,,,,,,,,3.32,,0.15,7.27,0.22,,,,,,,,,,0.04,,0.04,0.04,,,,,,0.18,,0.08,,,,0.36,,,0.28,,,,,,0.06,,,,,,,,,,,0.02,,0.1,,,,,,,,,,,,,,,,0.08,,,,,,,,,,,,0.12,,,,,,,,,,,,,,,,,,,,,,,,,,,,,,,,,,,,,,,,,,,,,,,,,,,,,,,,,,,,,,,,,,,,,,,,,,,,,,,,,,,,,,,,,,,,,,0.03,,,0.04,,,,,,,,,,,,,,,,,,,,,,,,,,,,,,,,0.03,,,,,,,,,,,,,,,,,,,,,,,,,,,,,,,,,0.04,,,,,,,,,,,,,,0.09,,,,,,,,,,,,,,,,,,,,,,,,,,,0.05,,,,,,,,1.1,0.42,0.45,1.26,0.21,3.42,,1.59,0.16,0.21,2.05,0.2,0.35,0.68,0.5,0.54,0.52,10.44,0.51,,0.32,0.44,0.17,0.21,,,,,,,,0.13,2.24,0.43,2.57,6.97,0.43,0.11,,,,,,,0.07,,,,,,,
定西市,,,,,0.16,,,,,,,,,,,,,,,,,,,,,,0.34,,1.68,0.61,0.81,,,,,,,,,,,,,,,,,,,,,,,0.05,0.12,0.14,,,0.06,0.09,0.23,,,,0.1,,,,,,,,,,,,,,,,,,,,,,,,,,,,,,,,,,,,,,,,,0.11,,,,,,,,,,,,,,,,,,,,,,,,,,,,,,,,,,,,,,,,,,,,,,,,,,,,,,,,,,,,,,,,,,,,,,,,,,,,,,,,,,,,,,,,,,,,,0.06,,,,,0.03,,,,,,,,,,,,,,,,,,,,,,,,,,,,,,,,,,,,,,,,,,,,,,,,,,,,,,,,,,,,0.05,,,,,,0.09,,,,,,,,,,,0.04,,,,,,,,,,,,,,,,,,,,,,,,,,,,,,,,,,,,0.12,,0.2,0.07,0.06,0.07,,0.12,,0.03,16.17,0.2,1.42,10.13,12.08,1.6,2.02,3.62,0.4,0.59,,7.13,20.51,18.7,0.42,,0.05,,,,,0.57,0.3,0.05,0.07,0.26,0.25,0.55,,,,0.12,,0.13,0.07,,,,,,,
陇南市,0.3,0.12,,,,,,,,,,,,,,,,,,,,,0.46,,,0.09,1.03,,0.96,0.41,0.56,,,,,,,,,,,,,,,,0.14,,,,,,,,,0.07,,,,,,,,,,,,,,0.02,,,,,,,,,,,,,,,,,,,,,,,,,,,,,,,,,,,,0.08,,,,,,,,,,,,,,,,,,,,,,,,,,,,,,,,,,,,,,,,,,,,,,,,,,,,,,,,,,,,,,,,,,,,,,,,,,,,,,0.08,,,,,,,,,,,,,,,,,,,,,,,,,,,,,,,,,,,,,,,,,,,,,,,,,,,,,,,,,,,,,,,,,,,,,,,,,,,,,,,,0.29,0.08,,,0.1,0.3,1.54,0.15,,0.22,0.17,0.1,,0.08,,0.06,,,1.88,,0.17,,,,,,,,,,,,0.02,,,,,,,,,,,,,,,,,,,,,0.15,,1.1,0.06,0.06,,2.16,,0.1,0.05,2.67,0.11,0.35,0.59,11.34,0.58,0.83,0.88,0.27,0.1,6.42,,0.57,22.84,0.19,,,,0.04,,,0.43,0.11,0.05,0.15,0.26,0.12,0.36,,,,,,0.33,,,,,0.07,,,
临夏回族自治州,,,,,0.11,,,,,,,,,,,,,,,,,,,,,3.47,,,14.34,0.45,0.6,,,,,,,,,,,,,,,,,,,,,,,0.05,0.06,0.1,,,0.04,,0.03,0.03,,,0.13,,,,,,,,,,,,,,,,,,,,,,,,,,,,,,,,,,,,,,,,,,,,,,,,,,,,,,,,,,,,,,,,,,,,,0.03,,,,,,,,,0.05,,,,,,,,0.11,0.04,,,,0.09,,0.05,,,,,,,,,,,,,,,,,,,,,,,,,,,,,,,,,,,,,,,,,,0.03,,,,,,,,,,,,,,,,,,,,,,,,,,,,,,,,,,,,,,,,,,,,,,,,,,,,,,,,,,,,,,,,,,,,,,,,,,,,,,,,,,0.32,0.19,,,,,,,,,,,,,,,,,,,,,,,,,,,0.69,,,,,1.49,,,,0.1,0.03,,,,,,,15.4,0.2,1.68,1.41,0.99,2.2,1.95,0.26,1.66,0.16,12.99,0.47,,18.01,1.36,,0.73,2.21,0.76,0.65,0.44,1.45,0.22,,0.14,0.19,0.08,0.11,,,,,,0.13,0.21,,,,0.07,,,
甘南藏族自治州,,,,,,,,,,,,,,,,,,,,,,,,,,0.27,,,1.93,,,,,,,,,,,,,,,,,,,0.02,,,,,,,,,,,,,,,,,0.03,,,,,,,,,,,,,,,,,,,,,,,,,,,,,,,,,,,,,,,,,,,,,,,,,,,,,,,,,,,,,,,,,,,,,,,,,,,,,,,,,,,,,,,,,,,,,,,,,,,,,,,,,,,,,,,,,,,,,,,,,,,,,,,,,,,,,,,,,,,,,,,,,,,,,,,,,,,,,,,,,,,,,,,,,,,,,,,,,,,,,,,,,,,,,,,,,,,,,,,,,,,,,,,,,,,,,,,,,5.47,,,,,,,,,,,,,,,,,,,,,,,,,,,,0.11,,,,,,,,,,,,0.02,,,,,1.67,0.05,0.05,0.3,0.26,0.3,0.12,0.17,0.13,,3.03,4.82,4.72,,0.09,,,4.71,0.43,2.62,,0.03,,0.05,0.02,,,,,,,,,,0.07,,,,,,,
西宁市,,,0.15,0.19,0.16,,,,,0.12,,0.07,,,0.23,0.27,,,,,0.3,,0.22,,,1.91,0.57,3.83,,0.75,0.63,,,,0.13,0.18,0.1,,0.05,0.13,,0.19,,0.06,,,,0.03,0.09,,,,0.31,0.05,0.09,0.05,,,0.04,,0.43,,,0.07,0.1,,,,,,,,0.06,,0.03,,,,0.07,,,,,,,,,,,,,,,,,,,,,0.04,,,,,0.06,,,,,0.06,0.19,0.03,0.07,,,,0.19,,,,,,,0.2,,,,,,,0.08,,0.14,0.05,,0.06,0.06,,,,,,,0.34,,,,,,,,,,,,,,,,,,,,,,,0.09,,0.11,0.09,,,0.09,,0.06,,0.06,0.36,0.13,0.23,0.3,0.1,,,0.19,,,0.19,0.16,0.2,0.3,0.14,,0.09,0.15,,,,,,,0.09,,,,,0.06,,,,,0.12,,,,,,,,,,,,,,,,,0.03,,,,,,,,,,0.02,,,,,,,,0.03,,,,,,,,,,,,,,,,,0.12,,,,0.06,0.11,0.08,0.09,0.05,,0.46,0.06,,,,,,,,0.09,,,,,,,,,,,0.04,,,,,,,,,,,0.44,,0.15,,0.05,0.65,,,,,,,0.24,0.14,0.17,0.13,0.14,0.03,0.15,0.13,0.14,0.09,2.59,0.35,0.91,0.87,1.29,1.62,2.73,0.22,0.58,0.24,0.68,0.38,3.15,1.11,,,72.09,28.82,62.91,35.4,36.77,43.15,0.26,0.15,0.25,0.17,0.35,0.27,,,,0.2,,,0.07,,,,0.07,,,
海东地区,,,,,,,,,,,,,,,,,,,,,,,,,,,,,,,,,,,,,,,,,,,,,,,,,,,,,,,,,,,,,,,,,,,,,,,,,,,,,,,,,,,,,,,,,,,,,,,,,,,,,,,,,,,,,,,,,,,,,,,,,,,,,,,,,,,,,,,,,,,,,,,,,,,,,,,,,,,,,,,,,,,,,,,,,,,,,,,,,,,,,,,,,,,,,,,,,,,,,,,,,,,,,,,,,,,,,,,,,,,,,,,,,,,,,,,,,,,,,,,,,,,,,,,,,,,,,,,,,,,,,,,,,,,,,,,,,,,,,,,,,,,,,,,,,,,,,,,,,,,,,,,,,,,,,,,,,,,,,,,,,,,,,,,,,,,,,,,,,,,,,,,,,,,,,,,,,,,,,,,,,,,,,,,,
海北藏族自治州,,,,,,,,,,,,,,,,,,,,,,,,,,,,0.39,,,,,,,,,,,,,,,,,,,,,,,,,,,,,,,,,,,,,,,,,,,,,,,,,,,,,,,,,,,,,,,,,,,,,,,,,,,,,,,,,,,,,,,,,,,,,,,,,,,,,,,,,,,,,,,,,,,,,,,,,,,,,,,,,,,,,,,,,,,,,,,,,,,,,,,,,,,,,,,,,,,,,,,,,,,,,,,,,,,,,,,,,,,,,,,,,,,,,,,,,,,,,,,,,,,,,,,,,,,,,,,,,,,,,,,,,,,,,,,,,,,,,,,,,,,,,,,,,,,,,,,,,,,,,,,,,,,,,,,,,,,,,,,,,,,,,,,,,,,0.08,,,,,0.13,3.14,,0.04,,,,0.07,,8.31,,,0.2,4.45,,,2.53,,,,,,,,,,,,,,,,,,,,
黄南藏族自治州,,,,,,,,,,,,,,,,,,,,,,,,,,,,0.45,,,,,,,,,,,,,,,,,,,,,,,,,,,,,,,,,,,,,,,,,,,,,,,,,,,,,,,,,,,,,,,,,,,,,,,,,,,,,,,,,,,,,,,,,,,,,,,,,,,,,,,,,,,,,,,,,,,,,,,,,,,,,,,,,,,,,,,,,,,,,,,,,,,,,,,,,,,,,,,,,,,,,,,,,,,,,,,,,,,,,,,,,,,,,,,,,,,,,,,,,,,,,,,,,,,,,,,,,,,,,,,,,,,,,,,,,,,,,,,,,,,,,,,,,,,,,,0.04,0.04,,,,,,,,,,,,,,,,,,,,,,,,,,,0.03,,,,,,,,,,,,,,,,,,,,,,,,,0.06,,,,0.71,4.51,3.89,,0.47,,11.54,6.22,0.67,0.16,,,,,,,,,,,,,,,,,,,,
海南藏族自治州,,,,,,,,,,,,,,,,,,,,,,,,,,0.36,,0.3,,0.16,,,,,,,,,,,,,,,,,,,,,,,,,,,,,0.04,,0.03,,,,0.03,,,,,,,,,,,,,,,,,,,,,,,,,,,,,0.16,,,,,,,,,,,,,,,,,,,,,,,,,,,,,,,,,,,,,,,,,,,,,,,,,,,,,,,,,,,,,,,,,,,,,,,,,,,,,,,,,,,,,,,,,,,,,,,,,,,,,,,,,,,,,,,,,,,,,,,,,,,,,,,,,,,,,,,,,,,,,,,,,,,,,,,,,,,,,,,,,,,,,,,,,,,,,,,,,,,,,,,,,,,,0.32,0.09,,,,,,,,,,,,,,,,,,,,,,,,,,,0.11,,,,,,,,,,,,,,,,,0.11,,0.05,0.13,0.15,0.11,0.12,,,,0.04,,0.39,0.31,11.18,,4.57,17.39,,30.49,3.36,5.64,0.03,0.02,0.12,0.02,0.04,,,,,,,,,,,,,,,
果洛藏族自治州,,,,,,,,,,,,,,,,,,,,,,,,,,,,,,,,,,,,,,,,,,,,,,,,,,,,,,,,,,,,,,,,,,,,,,,,,,,,,,,,,,,,,,,,,,,,,,,,,,,,,,,,,,,,,,,,,,,,,,,,,,,,,,,,,,,,,,,,,,,,,,,,,,,,,,,,,,,,,,,,,,,,,,,,,,,,,,,,,,,,,,,,,,,,,,,,,,,,,,,,,,,,,,,,,,,,,,,,,,,,,,,,,,,,,,,,,,,,,,,,,,,,,,,,,,,,,,,,,,,,,,,,,,,,,,,,,,,,,,,,,,0.96,1.05,,,,,,,,,,,,,,,,,,,,,,,,,,,,,,,,,,,,,,,,,,,,,,,,,,0.09,,,,,,0.12,0.42,1.56,,0.42,0.97,3.73,,4.7,0.6,,,,,,,,,,,,,,,,,,,,
玉树藏族自治州,,,,,,,,,,,,,,,,,,,,,,,,,,12.69,,0.12,,,,,,,,,,,,,,,,,,,,,,,,,,,,,,,,,,,,,,,,,,,,,,,,,,,,,,,,,,,,,,,,,,,,,,,,,,,,,,,,,,,,,,,,,,,,,,,,,,,,,,,,,,,,,,,,,,,,,,,,,,,,,,,,,,,,,,,,,,,,,,,,,,,,,,,,,,,,,,,,,,,,,,,,,,,,,,,,,,,,,,,,,,,,,,,,,,,,,,,,,,,,,,,,,,,,,,,,,,,,,,,,,,,,,,,,,,,,,,,,,,,,,,,,,,,,,,0.04,3.79,,,,,,,,,,,,,,,,,,,,,,,,,,,0.3,,,,,,,,,,,,,,,,,0.05,,,,,,0.12,0.06,,,,,0.19,0.1,2.28,,0.36,0.48,0.23,2.95,,4.36,,,0.02,0.04,,,,,,,,,,,,,,,,
海西蒙古族藏族自治州,,,,,,,,,,,,,,,,,,,,,,,,,,13.33,0.2,1.22,,0.76,2.02,,,,,,,,,,,,,,,,,,,,0.02,,0.14,,,0.03,,,0.05,,0.03,,,,0.03,,,,,,,,,,,,,,,,,,,,,,,,,,,,,,,,,,,,,,,,,,,,,,,,,,,,,,,,,,,,,,,,,,,,,,,,,,,,,,,,,,,,,,,,,,,,,,,,,,,,,,,,,,,,,,,,,,0.07,,,,,,,,,,,0.11,,,,,,,,,,,,,,,,,,,,,,,,,,,,,,,,,,,,,,,,,,,,,,,,,,,,,,,,,,,,,,,,,,,,,,,,,,,,,,,,,0.11,,,0.13,,,,,,,,,,,,,,,,,,,,,,,,,0.03,,,,,,,,,,,3.24,,,,,1.49,,0.05,,0.09,0.04,0.09,,0.11,0.05,,0.04,0.44,0.05,0.05,0.4,0.2,0.39,0.74,0.12,2.63,0.18,0.2,,0.82,0.26,9.64,,2.67,0.41,5.6,3.27,18.83,,0.08,0.12,0.07,0.07,1.18,,,,,0.12,,5.29,0.14,,,,0.07,,,
银川市,,0.12,0.17,0.27,2.66,,,,,,,,,,0.18,,,,,,0.3,,,,,0.36,1.73,3.55,0.72,,0.49,0.15,,,0.12,0.18,0.09,,0.05,0.18,0.04,0.1,0.09,0.1,0.04,,0.29,0.06,0.11,0.17,0.05,,0.19,0.2,0.63,2.67,0.08,0.07,2.28,0.16,1.59,0.08,,0.03,6.73,,,,,,,,,,,,,,,,,,,,0.1,,0.04,,,,,,,,0.06,,0.09,,,0.08,,0.05,,0.09,,,0.09,0.05,,0.06,,0.03,,,,,,,,,,,,0.13,,,,,,,,,,,,,,,0.09,,,,0.03,0.13,,,,,,,,,,,0.07,,,,,,,,,,,,,0.06,,0.06,,0.03,,,,,,0.27,0.07,0.1,0.12,,,,,,,0.12,,,,,,0.11,,,,,,0.07,,,,,,,,,0.08,,,,,,,,,,,,,,,,,,,,,,,,,,,,,,,,,,0.04,,,,,,,,,,,,,,,,,0.08,,,,,,0.02,,,,,,0.05,,0.27,,,,,,,,,,,,,,0.04,,,,,,,,,,,,,,,,,,,0.05,,,0.03,,,,,,,0.26,0.12,0.16,0.15,0.17,0.85,0.23,3.08,,0.11,0.78,,0.66,1.33,0.52,1.05,1.52,3.9,0.38,4.53,0.48,0.3,0.2,0.15,0.15,,0.15,,0.23,,,0.23,,57.75,55.9,31.99,30.3,0.11,,,,,,,0.14,,,,0.07,,,
石嘴山市,,,,,2.2,,,,,,,,,,,,,,,,,,,,,,,0.35,0.19,,,,,,,,,0.31,,,,,,,,,,,,,,,0.04,0.09,0.17,4.22,,,2.08,,1.0,0.1,,0.07,2.94,,,,,,,,,,,,,,,,,,,,,,,,,,,,0.04,,,,,,,,,,,,,,,,,,,,,,,,,,,,,,,,,,,,,,,,,,,,,,,,,,,,,,,,,,,,,,,,,,,,,,,,,,,,,,,,,,,,,,,,,,,,,,,,,,,,,,,,,,,,,,0.04,,,,,,,,,,,,,,,,,,,,,,,,,,,,,,,,,,,,,,,,,,,,,,,,,,,,,,,,,,,,,,,,,,,,,,,,,,,,,,,,,,,,,,,,,,,,,,,,,,,,,,,,,,,,,,,,,,,,,,,0.1,,0.14,,,0.1,0.02,0.15,0.17,0.24,0.22,,0.39,0.06,0.09,,,,,0.02,,,,,,,0.27,20.14,,2.27,2.14,2.14,,,,,,,,,,,,0.07,,,
吴忠市,,,,,0.77,,,,,,,,,,,,,,,,,,,,,,0.86,1.32,0.74,,,,,,,,,,,,,,,,,,,,,,,,0.06,,0.07,0.47,,,1.08,,0.31,,,,1.1,,,,,,,,,,,,,,,,,,,,,,,,,,,,,,,,,,,,,,,,,,,,,,,,,,,,,,,,,,,,,,,,,,,,,,,,,,,,,,,,,,,,,,,,,,,,,,,,,,,,,,,,,,,,0.03,,,,,,,,,,,,,,,,,,,,,,,,,,,,,,,,,,,,,,,,,,,,,,,,,,,,,,,,,,,,,,,,,,,,,,,,,,,,,,,,0.01,,,,,,,,,,,,,,,,,,,,,,,,,,,,,,,,,,,,,,,,,,,,,,0.05,,,,,,,,,,,,,,,,,,0.05,0.1,,0.05,,0.16,,2.1,,,0.35,,0.3,0.61,0.12,0.22,0.71,0.44,0.11,2.71,0.11,,0.06,,0.09,,0.05,,0.09,,0.22,0.74,29.47,2.45,,5.07,17.89,,,,,,,,0.07,,,,0.15,,,
固原市,,,,,0.12,,,,,,,,,,,,,,,,,,,,,,0.19,2.76,0.25,,0.38,,,,,,,,,,,,,,,,,,,,,,,,,0.12,,,0.1,,0.16,,,,0.2,,,,,,,,,,,,,,,,,,,,,,,,,,,,,,,,,,,,,,,,,,,,,,,,,,,,,,,,,,,,,,,,,,,,,,,,,,,,,,,,,,,,,,,,,,,,,,,,,,,,,,,,,,,,,,,,,,,,,,,,,,,,,,,,,,,,,,,0.17,,,,,,,,,,,,,,,,,,,,,,,,,,,,,,,,,,,,,,,,,,,,,,,,,,,,,,,,,,,,,,,,,,,,,,,,,,,,,,,,,,,,,,,,,,,,,,,,,,,,,,,,,,,,,,,,,,,,,0.09,0.04,0.15,,,,,0.09,,,0.17,,,1.07,0.17,0.11,0.06,6.48,0.09,3.26,0.08,,0.06,,0.03,,,,,,,0.2,7.08,1.91,3.23,,15.78,0.27,,,,0.12,,,,,,,0.07,,,
中卫市,,,,,0.41,,,,,,,,,,,,,,,,,,,,,,0.24,2.03,0.49,,0.2,,,,,,,,,,,,,,,,,,,,,,0.11,,0.03,0.52,,,0.17,,0.53,,,,1.74,,,,,,,,,,,,,,,,,,,,,,,,,,,,,,,,,,,,,,,,,,,,,,,,,,,,,,,,,,,,,,,,,,,,,,,,,,,,,,,,,,,,,,,,,,,,,,,,,,,,,,,,,,,0.04,,,,,,,,,,,,,,,,,,,,,,,,,,,,,,,,,,,,,,,,,,,,,,,,,,,,,,,,,,,,,,,,,,,,,,,,,,,,,,,,,,,,,,,,,,,,,,,,,,,,,,,,,,,,,,,,,,,,0.04,,,,,,,,,,,,,,,,,,,,,,,,,,,,,,,0.13,,,0.1,,0.39,,,0.47,,1.27,5.22,0.09,1.54,0.62,0.61,0.18,0.23,0.05,,0.05,0.05,0.03,,,,0.04,,,0.57,9.41,1.12,12.56,19.43,,,,,,,,,0.07,,,,,,,
乌鲁木齐市,,,,,,,,,,,,,,,,,,,,,0.37,,,,,,,0.62,,0.11,,,,,,,,0.15,,,,,,,,,,,,,,,,,,,,,,,,0.02,,,0.13,,,,,,,,0.04,,,,,,,,,,,,,,,,,,0.06,,,,,,,,,,,,,,,,0.08,,,,,,,,,,,,,,,,,,,,,,,,,,,,,,,,,,,,,,,,,,,,,,,,,,,,,,,0.05,,,,,,,,,0.14,,0.06,,,,,,,,,,,,,,,,,,,,,,,,,,,,,,,0.03,,,,,0.02,,,,,,,,,,,,,,,,,,,,,,,,,,,,,,,,,,,,,,,,,0.07,,,,,,,,,,0.04,,,,0.06,,,,,,,,,,,,,,,0.05,,,,,,,,,,,,,,,,,0.02,,,,,,,,,,,,,,,,,,,,,0.06,,,0.05,,,,,,,0.13,0.02,0.15,0.16,0.25,0.69,0.71,0.18,0.36,0.1,0.21,0.15,0.12,,0.02,,0.05,,,,,0.03,,0.02,,0.09,0.06,,,,,43.37,,12.11,4.9,,,,17.2,,,
克拉玛依市,,,,,,,,,,,,,,,,,,,,,,,,,,,,,,,,,,,,,,,,,,,,,,,,,,,,,,,,,,,,,,,,,,,,,,,,,,,,,,,,,,,,,,,,,,,,,,,,,,,,,,,,,,,,,,,,,,,,,,,,,,,,,,,,,,,,,,,,,,,,,,,,,,,,,,,,,,,,,,,,,,,,,,,,,,,,,,,,,,,,,,,,,,,,,,,,,,,,,,,,,,,,,,,,,,,,,,,,,,,,,,,,,,,,,,,,,,,,,,,,,,,,,,,,,,,,,,,,,,,,,,,,,,,,,,,,,,,,,,,,,,,,,,,,,,,,,,,,,,,,,,,,,,,,,,,,,,,,,,,,,,,,,,,,,,,,0.13,0.18,,0.04,,,,,,,,,,0.09,,,,,,,,,1.14,,,,0.62,,0.66,0.72,,,,8.14,,,
吐鲁番地区,,,,,,,,,,,,,,,,,,,,,,,,,,,,,,,,,,,,,,,,,,,,,,,,,,,,,,,,,,,,,,,,,,,,,,,,,,,,,,,,,,,,,,,,,,,,,,,,,,,,,,,,,,,,,,,,,,,,,,,,,,,,,,,,,,,,,,,,,,,,,,,,,,,,,,,,,,,,,,,,,,,,,,,,,,,,,,,,,,,,,,,,,,,,,,,,,,,,,,,,,,,,,,,,,,,,,,,,,,,,,,,,,,,,,,,,,,,,,,,,,,,,,,,,,,,,,,,,,,,,,,,,,,,,,,,,,,,,,,,,,,,,,,,,,,,,,,,,,,,,,,,,,,,,,,,,,,,,,,,,,,,,,,,,,,,,,,,,,,,,,,,,,,,,,,,,,,,,,,,,,,,,,,,,
哈密地区,,,,,,,,,,,,,,,,,,,,,,,,,,,,,,,,,,,,,,,,,,,,,,,,,,,,,,,,,,,,,,,,,,,,,,,,,,,,,,,,,,,,,,,,,,,,,,,,,,,,,,,,,,,,,,,,,,,,,,,,,,,,,,,,,,,,,,,,,,,,,,,,,,,,,,,,,,,,,,,,,,,,,,,,,,,,,,,,,,,,,,,,,,,,,,,,,,,,,,,,,,,,,,,,,,,,,,,,,,,,,,,,,,,,,,,,,,,,,,,,,,,,,,,,,,,,,,,,,,,,,,,,,,,,,,,,,,,,,,,,,,,,,,,,,,,,,,,,,,,,,,,,,,,,,,,,,,,,,,,,,,,,,,,,,,,,,,,,,,,,,,,,,,,,,,,,,,,,,,,,,,,,,,,,
昌吉回族自治州,,,,,,,,,,,,,,,,,,,,,,,,,,,,0.11,,,,,,,,,,,,,,,,,,,,,,,,,0.11,,,,,,,,0.03,,,,0.06,,,,,,,,,,,,,,,,,,,,,,,,,,,,,,,,,,,,,,,,,,,,,,,,,,,,,,,,,,,,,,,,,,,,,,,,,,,,,,,,,,,,,,,,,,,,,,,,,,,,,,,,,,,,,,,,,,,,,,,,,,,,,0.1,,,,,,,,,,,,0.09,,,,,,,,,,,,,,,,,,,,,,,,,,,,,,,,,,,,,,,,,,,,,,,,,,,,,,,,,,,,,,,,,,,,,,,,,,,,,0.22,,,,,,,,,,,,,,,,,,,,,,,,,,,,,,,,,,,,,,,,,,,,,,,,,0.02,0.05,,,0.16,0.09,,0.15,,0.08,,,,,,,,,,,,,,,,0.06,22.71,,,,,,1.05,0.5,,,,1.61,,,
博尔塔拉蒙古自治州,,,,,,,,,,,,,,,,,,,,,,,,,,,,,,,,,,,,,,,,,,,,,,,,,,,,,,,,,,,,,,,,,,,,,,,,,,,,,,,,,,,,,,,,,,,,,,,,,,,,,,,,,,,,,,,,,,,,,,,,,,,,,,,,,,,,,,,,,,,,,,,,,,,,,,,,,,,,,,,,,,,,,,,,,,,,,,,,,,,,,,,,,,,,,,,,,,,,,,,,,,,,,,,,,,,,,,,,,,,,,,,,,,,,,,,,,,,,,,,,,,,,,,,,,,,,,,,,,,,,,,,,,,,,,,,,,,,,,,,,,,,,,,,,,,,,,,,,,,,,,,,,,,,,,,,,,,,,,,,,,,,,,,,,,,,,,,,,,,,,,,,,,,,,,,,,,,0.83,,,,0.37,,0.13,,,,,5.6,,,
巴音郭楞蒙古自治州,,,,,,,,,,,,,,,,,,,,,,,,,,0.18,,,1.6,,,,,,,,,,,,,,,,,,,,,,,,,,,,,,,,,,,,0.03,,,,,,,,,,,,,,,,,,,,,,,,,,,,,,,,,,,,,,,,,,,,,,,,,,,,,,,,,,,,,,,,,,,,,,,,,,,,,,,,,,,,,,,,,,,,,,,,,,,,,,,,,,,,,,,,,,,,,,,,,,,,,,,,,,,,,,,,,,,,,,,,,,,,,,,,,,,,,,,,,,,,,,,,,,,,,,,,,,,,,,,,,,,,,,,,,,,,,,,,,,,,,,,,,,,,,,0.11,,,,,,,,,,,,,,,,,,,,,,,,,,,,,,,0.07,,,,,,,,,,,,,,,,,,0.02,,0.05,,0.11,0.15,,0.09,,,,,,,,,,,,,3.38,,,,,,3.28,,,,1.0,,,30.13,,,,4.6,,,
阿克苏地区,,,,,,,,,,,,,,,,,,,,,,,,,,,,0.12,,,,,,,,,,,,,,,,,,,,,,,,,,,,,,,,,,,,,0.03,,,,,,,,,,,,,,,,,,,,,,,,,,,,,,,,,,,,,,,,,,,,,,,,,,,,,,,,,,,,,,,,,,,,,,,,,,,,,,,,,,,,,,,,,,,,,,,,,,,,,,,,,,,,,,,,,,,,,,,,,,,,,,,,,,,,,,,,,,,,,,,,,,,,,,,,,,,,,,,,,,,,,,,,,,,,,,,,,,,,,,,,,,,,,,,,,,,,,,,,,,,,,,,,,,,,,,0.11,,,,,,,,,,,,,,,,,,,,,,,,,,,,,,,,,,,,,,,,,,,,,,,,,,,,,0.28,0.15,,0.11,,,,,,,,,,,,,0.06,,,,,,2.67,,,,0.16,,20.58,,,,,1.84,,,
克孜勒苏柯尔克孜自治州,,,,,,,,,,,,,,,,,,,,,,,,,,,,,,,,,,,,,,,,,,,,,,,,,,,,,,,,,,,,,,,,,,,,,,,,,,,,,,,,,,,,,,,,,,,,,,,,,,,,,,,,,,,,,,,,,,,,,,,,,,,,,,,,,,,,,,,,,,,,,,,,,,,,,,,,,,,,,,,,,,,,,,,,,,,,,,,,,,,,,,,,,,,,,,,,,,,,,,,,,,,,,,,,,,,,,,,,,,,,,,,,,,,,,,,,,,,,,,,,,,,,,,,,,,,,,,,,,,,,,,,,,,,,,,,,,,,,,,,,,,,,,,,,,,,,,,,,,,,,,,,,,,,,,,,,,,,,,,,,,,,,,,,,,,,,,,,,,,,,,,,,,,,,0.03,,,,,,0.13,,,,0.16,,0.33,1.22,,,,0.07,,,
喀什地区,,,,,,,,,,,,,,,,,,,,,,,,,,0.18,,,,,,,,,,,,,,,,,,,,,,,,,,,,,,,,,,,,,,,,,,,,,0.07,,,,,,,,,,,,,,,,,,,,,,,,,,,,,,,,,,,,,,,,,,,,,,,,,,,,,,,,,,,,,,,,,,,,,,,,,,,,,,,,,,,,,,,,,,,,,,,,,,,,,,0.03,,,,,,,,,,,,,,,,,,,,,,,,,,,,,,,0.03,,,,,,,,,,,,,,,,,,,,,,,,,,,,,,,,,,,,,,,,,,,,,,,,,,,,,,,,,,,,,,,,,,,,,,,,,,,0.15,,,,,,,,,,,,,,,,,,,,,,,,,,,,,,,,,,,,2.98,,,,,,,,,,,,,,,,,,0.09,,0.09,,,,,,,,,,,,,,,,0.02,,,1.3,,,,0.41,,1.38,11.67,,,,0.61,,,
和田地区,,,,,,,,,,,,,,,,,,,,,,,,,,,,,,,,,,,,,,,,,,,,,,,,,,,,,,,,,,,,,,,,,,,,,,,,,,,,,,,,,,,,,,,,,,,,,,,,,,,,,,,,,,,,,,,,,,,,,,,,,,,,,,,,,,,,,,,,,,,,,,,,,,,,,,,,,,,,,,,,,,,,,,,,,,,,,,,,,,,,,,,,,,,,,,,,,,,,,,,,,,,,,,,,,,,,,,,,,,,,,,,,,,,,,,,,,,,,,,,,,,,,,,,,,,,,,,,,,,,,,,,,,,,,,,,,,,,,,,,,,,,,,,,,,,,,,,,,,,,,,,,,,,,0.05,,,,,,,,1.49,,,,,,,,,,,,,,,,,,,,,,,,,,,,,,,,,,,,,,,0.64,,,,0.16,,3.7,2.09,,,,0.23,,,
伊犁哈萨克自治州,,,,,,,,,,,,,,,,,,,,,,,,,,,,,,,,,,,,,,,,,,,,,,,,,,,,,,,,,,,,,,,,0.03,,,,,,,,,,,,,,,,,,,,,,,,,,,,,,,,,,,,,,,,,,,,,,,,,,,,,,,,,,,,,,,,,,,,,,,,,,,,,,,,,,,,,,,,,,,,,,,,,,,,,,,,,,,,,,,,,,,,,,,,,,,,,,,,,,,,,,,,,,,,,,,,,0.02,,,,,,,,,,,,,,,,,,,,,,,,,,,,,,,,,,,,,,,,,,,,,,,,,,,,,,,,,,,,,,,,,,,,,,0.2,,,,,,,,,,,,,,,,,,,,,,,,,,,,,,,,,,,,,,,,,,,,,,,,,,,,,0.05,,,,,,,,,,,,,,,,,,,,,,2.78,,,,0.75,,1.58,1.36,,,,,,,
塔城地区,,,,,,,,,,,,,,,,,,,,,,,,,,,,,,,,,,,,,,,,,,,,,,,,,,,,,,,,,,,,,,,,,,,,,,,,,,,,,,,,,,,,,,,,,,,,,,,,,,,,,,,,,,,,,,,,,,,,,,,,,,,,,,,,,,,,,,,,,,,,,,,,,,,,,,,,,,,,,,,,,,,,,,,,,,,,,,,,,,,,,,,,,,,,,,,,,,,,,,,,,,,,,,,,,,,,,,,,,,,,,,,,,,,,,,,,,,,,,,,,,,,,,,,,,,,,,,,,,,,,,,,,,,,,,,,,,,,,,,,,,,,,,,,,,,,,,,,,,,,,,,,,,,,,,,,,,,,,,,,,,,,,,,,,,0.15,0.04,,,,,0.04,,,0.11,,,,,,,,,,0.06,,,,,,2.42,,,,4.62,,1.65,0.36,,,,12.13,,,
阿勒泰地区,,,,,,,,,,,,,,,,,,,,,,,,,,,,,,,,,,,,,,,,,,,,,,,,,,,,,,,,,,,,,,,,,,,,,,,,,,,,,,,,,,,,,,,,,,,,,,,,,,,,,,,,,,,,,,,,,,,,,,,,,,,,,,,,,,,,,,,,,,,,,,,,,,,,,,,,,,,,,,,,,,,,,,,,,,,,,,,,,,,,,,,,,,,,,,,,,,,,,,,,,,,,,,,,,,,,,,,,,,,,,,,,,,,,,,,,,,,,,,,,,,,,,,,,,,,,,,,,,,,,,,,,,,,,,,,,,,,,,,,,,,,,,,,,,,,,,,,,,,,,,,,,,,,,,,,,,,,,,,,,,,,,,,,,,,,,,,,0.04,,,,,,,,,,,,,,,,,,,0.77,,,,1.58,,0.13,,,,,,,,
自治区直辖县级行政区划,,,,,,,,,,,,,,,,,,,,,,,,,,,,,,,,,,,,,,,,,,,,,,,,,,,,,,,,,,,,,,,,,,,,,,,,,,,,,,,,,,,,,,,,,,,,,,,,,,,,,,,,,,,,,,,,,,,,,,,,,,,,,,,,,,,,,,,,,,,,,,,,,,,,,,,,,,,,,,,,,,,,,,,,,,,,,,,,,,,,,,,,,,,,,,,,,,,,,,,,,,,,,,,,,,,,,,,,,,,,,,,,,,,,,,,,,,,,,,,,,,,,,,,,,,,,,,,,,,,,,,,,,,,,,,,,,,,,,,,,,,,,,,,,,,,,,,,,,,,,,,,,,,,,,,,,,,,,,,,,,,,,,,,,,,,,,,,,,,,,,,,,,,,,,,,,,,,,,,,,,,,,,,,,
